
 Intel(r) Performance Counter Monitor: Memory Bandwidth Monitoring Utility ($Format:%ci ID=%h$)

 This utility measures memory bandwidth per channel or per DIMM rank in real-time


=====  Processor information  =====
Linux arch_perfmon flag  : yes
Hybrid processor         : no
IBRS and IBPB supported  : yes
STIBP supported          : yes
Spec arch caps supported : yes
Max CPUID level          : 27
CPU model number         : 106
Number of physical cores: 16
Number of logical cores: 32
Number of online logical cores: 32
Threads (logical cores) per physical core: 2
Num sockets: 1
Physical cores per socket: 16
Last level cache slices per socket: 16
Core PMU (perfmon) version: 5
Number of core PMU generic (programmable) counters: 8
Width of generic (programmable) counters: 48 bits
Number of core PMU fixed counters: 4
Width of fixed counters: 48 bits
Nominal core frequency: 2400000000 Hz
IBRS enabled in the kernel   : yes
STIBP enabled in the kernel  : no
The processor is not susceptible to Rogue Data Cache Load: yes
The processor supports enhanced IBRS                     : yes
Package thermal spec power: 135 Watt; Package minimum power: 72 Watt; Package maximum power: 557 Watt;

INFO: Linux perf interface to program uncore PMUs is present
Socket 0: 4 memory controllers detected with total number of 8 channels. 0 UPI ports detected. 4 M2M (mesh to memory) blocks detected. 0 HBM M2M blocks detected. 0 EDC/HBM channels detected. 0 Home Agents detected. 0 M3UPI blocks detected.
Socket 0: 1 PCU units detected. 6 IIO units detected. 6 IRP units detected. 16 CHA/CBO units detected. 0 MDF units detected. 1 UBOX units detected. 0 CXL units detected.
Initializing RMIDs


Detected Intel(R) Xeon(R) Silver 4314 CPU @ 2.40GHz "Intel(r) microarchitecture codename Icelake-SP" stepping 6 microcode level 0xd000421
Update every 1 seconds
Read/Write values expressed in (MB/s)
INFO: Use -mm option to monitor NM Memory Mode metrics
,,SKT0,SKT0,SKT0,SKT0,SKT0,SKT0,SKT0,SKT0,SKT0,SKT0,SKT0,SKT0,SKT0,SKT0,SKT0,SKT0,SKT0,SKT0,SKT0,SKT0,SKT0,SKT0,SKT0,SKT0,SKT0,SKT0,SKT0,SKT0,SKT0,SKT0,SKT0,SKT0,SKT0,SKT0,SKT0,SKT0,SKT0,System,System,System,System,System,System,System
Date,Time,Ch0Read,Ch0Write,Ch0PMM_Read,Ch0PMM_Write,Ch1Read,Ch1Write,Ch1PMM_Read,Ch1PMM_Write,Ch2Read,Ch2Write,Ch2PMM_Read,Ch2PMM_Write,Ch3Read,Ch3Write,Ch3PMM_Read,Ch3PMM_Write,Ch4Read,Ch4Write,Ch4PMM_Read,Ch4PMM_Write,Ch5Read,Ch5Write,Ch5PMM_Read,Ch5PMM_Write,Ch6Read,Ch6Write,Ch6PMM_Read,Ch6PMM_Write,Ch7Read,Ch7Write,Ch7PMM_Read,Ch7PMM_Write,Mem Read (MB/s),Mem Write (MB/s),PMM_Read (MB/s), PMM_Write (MB/s),Memory (MB/s),DRAMRead,DRAMWrite,PMMREAD,PMMWrite,Read,Write,Memory
2026-09-14,05:18:55.779,  193.65,    3.72,    0.00,    0.00,  194.29,    3.70,    0.00,    0.00,  193.55,    3.72,    0.00,    0.00,  194.18,    3.71,    0.00,    0.00,  193.58,    3.72,    0.00,    0.00,  193.54,    3.72,    0.00,    0.00,  193.69,    3.75,    0.00,    0.00,  193.68,    3.71,    0.00,    0.00, 1550.14,   29.75,    0.00,    0.00, 1579.89,   1550.14,     29.75,      0.00,      0.00,   1550.14,     29.75,   1579.89
2026-09-14,05:18:56.778,  195.15,    1.23,    0.00,    0.00,  195.75,    1.20,    0.00,    0.00,  195.09,    1.19,    0.00,    0.00,  195.76,    1.17,    0.00,    0.00,  195.15,    1.22,    0.00,    0.00,  195.13,    1.21,    0.00,    0.00,  195.18,    1.22,    0.00,    0.00,  195.16,    1.22,    0.00,    0.00, 1562.38,    9.64,    0.00,    0.00, 1572.03,   1562.38,      9.64,      0.00,      0.00,   1562.38,      9.64,   1572.03
2026-09-14,05:18:57.779,  186.89,    0.96,    0.00,    0.00,  187.46,    0.92,    0.00,    0.00,  186.82,    0.93,    0.00,    0.00,  187.47,    0.93,    0.00,    0.00,  186.85,    0.94,    0.00,    0.00,  186.85,    0.95,    0.00,    0.00,  186.88,    0.95,    0.00,    0.00,  186.90,    0.96,    0.00,    0.00, 1496.11,    7.52,    0.00,    0.00, 1503.63,   1496.11,      7.52,      0.00,      0.00,   1496.11,      7.52,   1503.63
2026-09-14,05:18:58.778,  199.21,    3.70,    0.00,    0.00,  199.80,    3.69,    0.00,    0.00,  199.09,    3.64,    0.00,    0.00,  199.75,    3.65,    0.00,    0.00,  199.15,    3.66,    0.00,    0.00,  199.15,    3.66,    0.00,    0.00,  199.18,    3.69,    0.00,    0.00,  199.21,    3.70,    0.00,    0.00, 1594.54,   29.39,    0.00,    0.00, 1623.93,   1594.54,     29.39,      0.00,      0.00,   1594.54,     29.39,   1623.93
2026-09-14,05:18:59.779,  197.04,    5.34,    0.00,    0.00,  197.69,    5.33,    0.00,    0.00,  196.96,    5.34,    0.00,    0.00,  197.55,    5.30,    0.00,    0.00,  196.94,    5.32,    0.00,    0.00,  196.91,    5.32,    0.00,    0.00,  197.05,    5.38,    0.00,    0.00,  197.08,    5.37,    0.00,    0.00, 1577.22,   42.70,    0.00,    0.00, 1619.92,   1577.22,     42.70,      0.00,      0.00,   1577.22,     42.70,   1619.92
2026-09-14,05:19:00.778,  189.30,    1.06,    0.00,    0.00,  189.91,    1.05,    0.00,    0.00,  189.25,    1.04,    0.00,    0.00,  189.90,    1.04,    0.00,    0.00,  189.32,    1.07,    0.00,    0.00,  189.29,    1.07,    0.00,    0.00,  189.32,    1.08,    0.00,    0.00,  189.33,    1.07,    0.00,    0.00, 1515.61,    8.48,    0.00,    0.00, 1524.09,   1515.61,      8.48,      0.00,      0.00,   1515.61,      8.48,   1524.09
2026-09-14,05:19:01.778,  191.22,    0.67,    0.00,    0.00,  191.86,    0.66,    0.00,    0.00,  191.17,    0.66,    0.00,    0.00,  191.83,    0.67,    0.00,    0.00,  191.21,    0.67,    0.00,    0.00,  191.21,    0.69,    0.00,    0.00,  191.26,    0.69,    0.00,    0.00,  191.25,    0.67,    0.00,    0.00, 1531.01,    5.38,    0.00,    0.00, 1536.39,   1531.01,      5.38,      0.00,      0.00,   1531.01,      5.38,   1536.39
2026-09-14,05:19:02.778,  191.41,    0.92,    0.00,    0.00,  192.03,    0.91,    0.00,    0.00,  191.34,    0.90,    0.00,    0.00,  192.02,    0.91,    0.00,    0.00,  191.42,    0.93,    0.00,    0.00,  191.40,    0.93,    0.00,    0.00,  191.42,    0.93,    0.00,    0.00,  191.42,    0.91,    0.00,    0.00, 1532.46,    7.35,    0.00,    0.00, 1539.81,   1532.46,      7.35,      0.00,      0.00,   1532.46,      7.35,   1539.81
2026-09-14,05:19:03.778,  193.89,    0.83,    0.00,    0.00,  194.50,    0.81,    0.00,    0.00,  193.87,    0.82,    0.00,    0.00,  194.53,    0.83,    0.00,    0.00,  193.91,    0.85,    0.00,    0.00,  193.91,    0.85,    0.00,    0.00,  193.93,    0.85,    0.00,    0.00,  193.93,    0.84,    0.00,    0.00, 1552.47,    6.67,    0.00,    0.00, 1559.14,   1552.47,      6.67,      0.00,      0.00,   1552.47,      6.67,   1559.14
2026-09-14,05:19:04.779,  185.33,    0.69,    0.00,    0.00,  185.96,    0.68,    0.00,    0.00,  185.31,    0.68,    0.00,    0.00,  185.98,    0.69,    0.00,    0.00,  185.35,    0.70,    0.00,    0.00,  185.36,    0.69,    0.00,    0.00,  185.35,    0.70,    0.00,    0.00,  185.36,    0.70,    0.00,    0.00, 1484.00,    5.55,    0.00,    0.00, 1489.55,   1484.00,      5.55,      0.00,      0.00,   1484.00,      5.55,   1489.55
2026-09-14,05:19:05.778,  191.57,    0.64,    0.00,    0.00,  192.20,    0.65,    0.00,    0.00,  191.52,    0.63,    0.00,    0.00,  192.17,    0.63,    0.00,    0.00,  191.55,    0.65,    0.00,    0.00,  191.56,    0.66,    0.00,    0.00,  191.59,    0.66,    0.00,    0.00,  191.59,    0.65,    0.00,    0.00, 1533.75,    5.17,    0.00,    0.00, 1538.92,   1533.75,      5.17,      0.00,      0.00,   1533.75,      5.17,   1538.92
2026-09-14,05:19:06.779,  186.82,    0.68,    0.00,    0.00,  187.44,    0.66,    0.00,    0.00,  186.77,    0.66,    0.00,    0.00,  187.42,    0.64,    0.00,    0.00,  186.79,    0.66,    0.00,    0.00,  186.80,    0.67,    0.00,    0.00,  186.83,    0.68,    0.00,    0.00,  186.85,    0.68,    0.00,    0.00, 1495.71,    5.34,    0.00,    0.00, 1501.04,   1495.71,      5.34,      0.00,      0.00,   1495.71,      5.34,   1501.04
2026-09-14,05:19:07.778,  197.83,    0.61,    0.00,    0.00,  198.45,    0.59,    0.00,    0.00,  197.78,    0.60,    0.00,    0.00,  198.42,    0.59,    0.00,    0.00,  197.80,    0.60,    0.00,    0.00,  197.82,    0.62,    0.00,    0.00,  197.83,    0.61,    0.00,    0.00,  197.84,    0.60,    0.00,    0.00, 1583.77,    4.83,    0.00,    0.00, 1588.60,   1583.77,      4.83,      0.00,      0.00,   1583.77,      4.83,   1588.60
2026-09-14,05:19:08.778,  186.38,    0.67,    0.00,    0.00,  186.99,    0.65,    0.00,    0.00,  186.35,    0.66,    0.00,    0.00,  187.00,    0.65,    0.00,    0.00,  186.39,    0.69,    0.00,    0.00,  186.39,    0.68,    0.00,    0.00,  186.39,    0.67,    0.00,    0.00,  186.39,    0.67,    0.00,    0.00, 1492.28,    5.34,    0.00,    0.00, 1497.62,   1492.28,      5.34,      0.00,      0.00,   1492.28,      5.34,   1497.62
2026-09-14,05:19:09.778,  192.06,    0.89,    0.00,    0.00,  192.67,    0.86,    0.00,    0.00,  192.00,    0.87,    0.00,    0.00,  192.64,    0.86,    0.00,    0.00,  192.05,    0.90,    0.00,    0.00,  192.05,    0.90,    0.00,    0.00,  192.07,    0.89,    0.00,    0.00,  192.05,    0.89,    0.00,    0.00, 1537.59,    7.05,    0.00,    0.00, 1544.65,   1537.59,      7.05,      0.00,      0.00,   1537.59,      7.05,   1544.65
2026-09-14,05:19:10.778,  195.02,    4.86,    0.00,    0.00,  195.64,    4.88,    0.00,    0.00,  194.90,    4.86,    0.00,    0.00,  195.52,    4.83,    0.00,    0.00,  194.92,    4.84,    0.00,    0.00,  194.89,    4.83,    0.00,    0.00,  195.00,    4.90,    0.00,    0.00,  195.02,    4.87,    0.00,    0.00, 1560.92,   38.88,    0.00,    0.00, 1599.79,   1560.92,     38.88,      0.00,      0.00,   1560.92,     38.88,   1599.79
2026-09-14,05:19:11.779,  190.89,    1.07,    0.00,    0.00,  191.54,    1.07,    0.00,    0.00,  190.86,    1.05,    0.00,    0.00,  191.49,    1.04,    0.00,    0.00,  190.87,    1.06,    0.00,    0.00,  190.87,    1.07,    0.00,    0.00,  190.94,    1.08,    0.00,    0.00,  190.93,    1.08,    0.00,    0.00, 1528.40,    8.53,    0.00,    0.00, 1536.93,   1528.40,      8.53,      0.00,      0.00,   1528.40,      8.53,   1536.93
2026-09-14,05:19:12.778,  192.95,    1.13,    0.00,    0.00,  193.56,    1.11,    0.00,    0.00,  192.88,    1.08,    0.00,    0.00,  193.55,    1.09,    0.00,    0.00,  192.91,    1.10,    0.00,    0.00,  192.93,    1.12,    0.00,    0.00,  192.96,    1.13,    0.00,    0.00,  192.97,    1.13,    0.00,    0.00, 1544.70,    8.90,    0.00,    0.00, 1553.59,   1544.70,      8.90,      0.00,      0.00,   1544.70,      8.90,   1553.59
2026-09-14,05:19:13.779,  190.95,    0.91,    0.00,    0.00,  191.57,    0.90,    0.00,    0.00,  190.90,    0.89,    0.00,    0.00,  191.54,    0.89,    0.00,    0.00,  190.92,    0.90,    0.00,    0.00,  190.96,    0.93,    0.00,    0.00,  190.97,    0.92,    0.00,    0.00,  190.97,    0.92,    0.00,    0.00, 1528.78,    7.28,    0.00,    0.00, 1536.05,   1528.78,      7.28,      0.00,      0.00,   1528.78,      7.28,   1536.05
2026-09-14,05:19:14.778,  191.59,    1.07,    0.00,    0.00,  192.20,    1.04,    0.00,    0.00,  191.55,    1.04,    0.00,    0.00,  192.18,    1.04,    0.00,    0.00,  191.57,    1.04,    0.00,    0.00,  191.59,    1.06,    0.00,    0.00,  191.60,    1.08,    0.00,    0.00,  191.61,    1.06,    0.00,    0.00, 1533.89,    8.41,    0.00,    0.00, 1542.30,   1533.89,      8.41,      0.00,      0.00,   1533.89,      8.41,   1542.30
2026-09-14,05:19:15.779,  188.57,    0.92,    0.00,    0.00,  189.19,    0.91,    0.00,    0.00,  188.54,    0.89,    0.00,    0.00,  189.20,    0.90,    0.00,    0.00,  188.58,    0.91,    0.00,    0.00,  188.58,    0.93,    0.00,    0.00,  188.59,    0.93,    0.00,    0.00,  188.60,    0.92,    0.00,    0.00, 1509.85,    7.33,    0.00,    0.00, 1517.18,   1509.85,      7.33,      0.00,      0.00,   1509.85,      7.33,   1517.18
2026-09-14,05:19:16.778,  191.32,    0.87,    0.00,    0.00,  191.92,    0.84,    0.00,    0.00,  191.27,    0.85,    0.00,    0.00,  191.95,    0.86,    0.00,    0.00,  191.28,    0.86,    0.00,    0.00,  191.32,    0.87,    0.00,    0.00,  191.34,    0.88,    0.00,    0.00,  191.33,    0.87,    0.00,    0.00, 1531.73,    6.90,    0.00,    0.00, 1538.62,   1531.73,      6.90,      0.00,      0.00,   1531.73,      6.90,   1538.62
2026-09-14,05:19:17.778,  190.46,    1.61,    0.00,    0.00,  191.09,    1.60,    0.00,    0.00,  190.41,    1.58,    0.00,    0.00,  191.10,    1.60,    0.00,    0.00,  190.45,    1.59,    0.00,    0.00,  190.47,    1.63,    0.00,    0.00,  190.54,    1.65,    0.00,    0.00,  190.51,    1.62,    0.00,    0.00, 1525.03,   12.88,    0.00,    0.00, 1537.91,   1525.03,     12.88,      0.00,      0.00,   1525.03,     12.88,   1537.91
2026-09-14,05:19:18.779,  198.64,    1.38,    0.00,    0.00,  199.27,    1.39,    0.00,    0.00,  198.59,    1.36,    0.00,    0.00,  199.28,    1.37,    0.00,    0.00,  198.67,    1.40,    0.00,    0.00,  198.67,    1.39,    0.00,    0.00,  198.67,    1.40,    0.00,    0.00,  198.70,    1.41,    0.00,    0.00, 1590.50,   11.10,    0.00,    0.00, 1601.60,   1590.50,     11.10,      0.00,      0.00,   1590.50,     11.10,   1601.60
2026-09-14,05:19:19.778,  184.88,    1.04,    0.00,    0.00,  185.50,    1.03,    0.00,    0.00,  184.84,    1.03,    0.00,    0.00,  185.49,    1.03,    0.00,    0.00,  184.88,    1.04,    0.00,    0.00,  184.88,    1.06,    0.00,    0.00,  184.89,    1.05,    0.00,    0.00,  184.94,    1.06,    0.00,    0.00, 1480.30,    8.35,    0.00,    0.00, 1488.65,   1480.30,      8.35,      0.00,      0.00,   1480.30,      8.35,   1488.65
2026-09-14,05:19:20.779,  193.41,    0.88,    0.00,    0.00,  194.05,    0.87,    0.00,    0.00,  193.38,    0.86,    0.00,    0.00,  194.03,    0.86,    0.00,    0.00,  193.42,    0.88,    0.00,    0.00,  193.44,    0.90,    0.00,    0.00,  193.42,    0.89,    0.00,    0.00,  193.47,    0.89,    0.00,    0.00, 1548.61,    7.04,    0.00,    0.00, 1555.65,   1548.61,      7.04,      0.00,      0.00,   1548.61,      7.04,   1555.65
2026-09-14,05:19:21.778,  186.62,    0.81,    0.00,    0.00,  187.24,    0.80,    0.00,    0.00,  186.56,    0.79,    0.00,    0.00,  187.21,    0.79,    0.00,    0.00,  186.59,    0.81,    0.00,    0.00,  186.63,    0.83,    0.00,    0.00,  186.62,    0.81,    0.00,    0.00,  186.65,    0.82,    0.00,    0.00, 1494.12,    6.45,    0.00,    0.00, 1500.56,   1494.12,      6.45,      0.00,      0.00,   1494.12,      6.45,   1500.56
2026-09-14,05:19:22.779,  190.16,    0.87,    0.00,    0.00,  190.80,    0.87,    0.00,    0.00,  190.11,    0.84,    0.00,    0.00,  190.75,    0.84,    0.00,    0.00,  190.13,    0.86,    0.00,    0.00,  190.16,    0.88,    0.00,    0.00,  190.15,    0.87,    0.00,    0.00,  190.20,    0.88,    0.00,    0.00, 1522.47,    6.91,    0.00,    0.00, 1529.38,   1522.47,      6.91,      0.00,      0.00,   1522.47,      6.91,   1529.38
2026-09-14,05:19:23.778,  192.42,    0.96,    0.00,    0.00,  193.03,    0.95,    0.00,    0.00,  192.37,    0.95,    0.00,    0.00,  192.98,    0.93,    0.00,    0.00,  192.39,    0.94,    0.00,    0.00,  192.41,    0.97,    0.00,    0.00,  192.43,    0.97,    0.00,    0.00,  192.42,    0.96,    0.00,    0.00, 1540.46,    7.62,    0.00,    0.00, 1548.08,   1540.46,      7.62,      0.00,      0.00,   1540.46,      7.62,   1548.08
2026-09-14,05:19:24.778,  195.20,    0.78,    0.00,    0.00,  195.85,    0.78,    0.00,    0.00,  195.16,    0.77,    0.00,    0.00,  195.79,    0.76,    0.00,    0.00,  195.18,    0.77,    0.00,    0.00,  195.21,    0.80,    0.00,    0.00,  195.23,    0.80,    0.00,    0.00,  195.23,    0.80,    0.00,    0.00, 1562.85,    6.26,    0.00,    0.00, 1569.10,   1562.85,      6.26,      0.00,      0.00,   1562.85,      6.26,   1569.10
2026-09-14,05:19:25.779,  191.06,    4.37,    0.00,    0.00,  191.69,    4.36,    0.00,    0.00,  190.96,    4.36,    0.00,    0.00,  191.64,    4.34,    0.00,    0.00,  191.04,    4.38,    0.00,    0.00,  191.00,    4.34,    0.00,    0.00,  191.06,    4.38,    0.00,    0.00,  191.10,    4.38,    0.00,    0.00, 1529.55,   34.93,    0.00,    0.00, 1564.48,   1529.55,     34.93,      0.00,      0.00,   1529.55,     34.93,   1564.48
2026-09-14,05:19:26.778,  193.93,    1.39,    0.00,    0.00,  194.53,    1.38,    0.00,    0.00,  193.87,    1.38,    0.00,    0.00,  194.49,    1.38,    0.00,    0.00,  193.89,    1.40,    0.00,    0.00,  193.91,    1.41,    0.00,    0.00,  193.97,    1.42,    0.00,    0.00,  193.94,    1.41,    0.00,    0.00, 1552.54,   11.17,    0.00,    0.00, 1563.71,   1552.54,     11.17,      0.00,      0.00,   1552.54,     11.17,   1563.71
2026-09-14,05:19:27.779,  187.78,    0.68,    0.00,    0.00,  188.39,    0.66,    0.00,    0.00,  187.72,    0.65,    0.00,    0.00,  188.38,    0.66,    0.00,    0.00,  187.76,    0.68,    0.00,    0.00,  187.77,    0.69,    0.00,    0.00,  187.80,    0.69,    0.00,    0.00,  187.77,    0.67,    0.00,    0.00, 1503.38,    5.39,    0.00,    0.00, 1508.77,   1503.38,      5.39,      0.00,      0.00,   1503.38,      5.39,   1508.77
2026-09-14,05:19:28.778,  192.76,    1.05,    0.00,    0.00,  193.39,    1.04,    0.00,    0.00,  192.67,    1.01,    0.00,    0.00,  193.38,    1.03,    0.00,    0.00,  192.73,    1.04,    0.00,    0.00,  192.76,    1.05,    0.00,    0.00,  192.80,    1.08,    0.00,    0.00,  192.76,    1.04,    0.00,    0.00, 1543.26,    8.35,    0.00,    0.00, 1551.61,   1543.26,      8.35,      0.00,      0.00,   1543.26,      8.35,   1551.61
2026-09-14,05:19:29.779,  195.38,    0.90,    0.00,    0.00,  196.02,    0.90,    0.00,    0.00,  195.37,    0.89,    0.00,    0.00,  196.04,    0.89,    0.00,    0.00,  195.40,    0.90,    0.00,    0.00,  195.42,    0.92,    0.00,    0.00,  195.44,    0.93,    0.00,    0.00,  195.41,    0.90,    0.00,    0.00, 1564.48,    7.23,    0.00,    0.00, 1571.71,   1564.48,      7.23,      0.00,      0.00,   1564.48,      7.23,   1571.71
2026-09-14,05:19:30.778,  185.67,    0.87,    0.00,    0.00,  186.31,    0.87,    0.00,    0.00,  185.64,    0.86,    0.00,    0.00,  186.32,    0.88,    0.00,    0.00,  185.66,    0.87,    0.00,    0.00,  185.68,    0.89,    0.00,    0.00,  185.71,    0.90,    0.00,    0.00,  185.71,    0.88,    0.00,    0.00, 1486.71,    7.03,    0.00,    0.00, 1493.74,   1486.71,      7.03,      0.00,      0.00,   1486.71,      7.03,   1493.74
2026-09-14,05:19:31.779,  192.10,    0.87,    0.00,    0.00,  192.74,    0.87,    0.00,    0.00,  192.08,    0.85,    0.00,    0.00,  192.76,    0.87,    0.00,    0.00,  192.12,    0.87,    0.00,    0.00,  192.14,    0.88,    0.00,    0.00,  192.16,    0.89,    0.00,    0.00,  192.14,    0.87,    0.00,    0.00, 1538.24,    6.97,    0.00,    0.00, 1545.22,   1538.24,      6.97,      0.00,      0.00,   1538.24,      6.97,   1545.22
2026-09-14,05:19:32.778,  187.24,    0.90,    0.00,    0.00,  187.87,    0.91,    0.00,    0.00,  187.19,    0.90,    0.00,    0.00,  187.86,    0.90,    0.00,    0.00,  187.23,    0.90,    0.00,    0.00,  187.25,    0.92,    0.00,    0.00,  187.27,    0.93,    0.00,    0.00,  187.26,    0.90,    0.00,    0.00, 1499.16,    7.26,    0.00,    0.00, 1506.42,   1499.16,      7.26,      0.00,      0.00,   1499.16,      7.26,   1506.42
2026-09-14,05:19:33.779,  189.10,    0.91,    0.00,    0.00,  189.75,    0.90,    0.00,    0.00,  189.08,    0.89,    0.00,    0.00,  189.75,    0.90,    0.00,    0.00,  189.10,    0.90,    0.00,    0.00,  189.13,    0.92,    0.00,    0.00,  189.17,    0.93,    0.00,    0.00,  189.14,    0.91,    0.00,    0.00, 1514.22,    7.25,    0.00,    0.00, 1521.47,   1514.22,      7.25,      0.00,      0.00,   1514.22,      7.25,   1521.47
2026-09-14,05:19:34.778,  193.78,    0.89,    0.00,    0.00,  194.39,    0.87,    0.00,    0.00,  193.73,    0.87,    0.00,    0.00,  194.40,    0.89,    0.00,    0.00,  193.77,    0.89,    0.00,    0.00,  193.78,    0.90,    0.00,    0.00,  193.82,    0.91,    0.00,    0.00,  193.81,    0.89,    0.00,    0.00, 1551.48,    7.12,    0.00,    0.00, 1558.60,   1551.48,      7.12,      0.00,      0.00,   1551.48,      7.12,   1558.60
2026-09-14,05:19:35.779,  194.05,    0.94,    0.00,    0.00,  194.65,    0.90,    0.00,    0.00,  194.00,    0.92,    0.00,    0.00,  194.65,    0.90,    0.00,    0.00,  194.03,    0.93,    0.00,    0.00,  194.04,    0.94,    0.00,    0.00,  194.08,    0.94,    0.00,    0.00,  194.05,    0.93,    0.00,    0.00, 1553.54,    7.40,    0.00,    0.00, 1560.93,   1553.54,      7.40,      0.00,      0.00,   1553.54,      7.40,   1560.93
2026-09-14,05:19:36.778,  186.17,    0.78,    0.00,    0.00,  186.78,    0.78,    0.00,    0.00,  186.11,    0.76,    0.00,    0.00,  186.78,    0.76,    0.00,    0.00,  186.15,    0.78,    0.00,    0.00,  186.16,    0.78,    0.00,    0.00,  186.19,    0.79,    0.00,    0.00,  186.18,    0.79,    0.00,    0.00, 1490.53,    6.22,    0.00,    0.00, 1496.75,   1490.53,      6.22,      0.00,      0.00,   1490.53,      6.22,   1496.75
2026-09-14,05:19:37.779,  191.06,    0.65,    0.00,    0.00,  191.68,    0.64,    0.00,    0.00,  191.03,    0.63,    0.00,    0.00,  191.67,    0.63,    0.00,    0.00,  191.04,    0.64,    0.00,    0.00,  191.06,    0.65,    0.00,    0.00,  191.09,    0.66,    0.00,    0.00,  191.07,    0.65,    0.00,    0.00, 1529.69,    5.14,    0.00,    0.00, 1534.83,   1529.69,      5.14,      0.00,      0.00,   1529.69,      5.14,   1534.83
2026-09-14,05:19:38.778,  187.41,    0.65,    0.00,    0.00,  188.04,    0.64,    0.00,    0.00,  187.40,    0.63,    0.00,    0.00,  188.02,    0.62,    0.00,    0.00,  187.39,    0.64,    0.00,    0.00,  187.43,    0.66,    0.00,    0.00,  187.44,    0.66,    0.00,    0.00,  187.44,    0.65,    0.00,    0.00, 1500.57,    5.16,    0.00,    0.00, 1505.73,   1500.57,      5.16,      0.00,      0.00,   1500.57,      5.16,   1505.73
2026-09-14,05:19:39.779,  194.56,    0.75,    0.00,    0.00,  195.17,    0.72,    0.00,    0.00,  194.52,    0.71,    0.00,    0.00,  195.16,    0.71,    0.00,    0.00,  194.54,    0.73,    0.00,    0.00,  194.56,    0.74,    0.00,    0.00,  194.58,    0.76,    0.00,    0.00,  194.58,    0.75,    0.00,    0.00, 1557.67,    5.87,    0.00,    0.00, 1563.53,   1557.67,      5.87,      0.00,      0.00,   1557.67,      5.87,   1563.53
2026-09-14,05:19:40.779,  191.54,    3.02,    0.00,    0.00,  192.19,    3.03,    0.00,    0.00,  191.48,    2.98,    0.00,    0.00,  192.13,    2.97,    0.00,    0.00,  191.48,    3.00,    0.00,    0.00,  191.51,    3.01,    0.00,    0.00,  191.55,    3.04,    0.00,    0.00,  191.57,    3.02,    0.00,    0.00, 1533.47,   24.07,    0.00,    0.00, 1557.55,   1533.47,     24.07,      0.00,      0.00,   1533.47,     24.07,   1557.55
2026-09-14,05:19:41.780,  196.43,    2.47,    0.00,    0.00,  197.10,    2.47,    0.00,    0.00,  196.39,    2.48,    0.00,    0.00,  197.02,    2.48,    0.00,    0.00,  196.41,    2.47,    0.00,    0.00,  196.40,    2.48,    0.00,    0.00,  196.48,    2.51,    0.00,    0.00,  196.49,    2.50,    0.00,    0.00, 1572.70,   19.86,    0.00,    0.00, 1592.57,   1572.70,     19.86,      0.00,      0.00,   1572.70,     19.86,   1592.57
2026-09-14,05:19:42.780,  188.67,    1.17,    0.00,    0.00,  189.28,    1.15,    0.00,    0.00,  188.62,    1.14,    0.00,    0.00,  189.28,    1.14,    0.00,    0.00,  188.65,    1.16,    0.00,    0.00,  188.66,    1.16,    0.00,    0.00,  188.67,    1.16,    0.00,    0.00,  188.70,    1.17,    0.00,    0.00, 1510.52,    9.26,    0.00,    0.00, 1519.78,   1510.52,      9.26,      0.00,      0.00,   1510.52,      9.26,   1519.78
2026-09-14,05:19:43.781,  189.87,    0.91,    0.00,    0.00,  190.45,    0.87,    0.00,    0.00,  189.82,    0.88,    0.00,    0.00,  190.49,    0.90,    0.00,    0.00,  189.86,    0.90,    0.00,    0.00,  189.85,    0.90,    0.00,    0.00,  189.90,    0.92,    0.00,    0.00,  189.87,    0.90,    0.00,    0.00, 1520.10,    7.20,    0.00,    0.00, 1527.30,   1520.10,      7.20,      0.00,      0.00,   1520.10,      7.20,   1527.30
2026-09-14,05:19:44.781,  190.96,    0.93,    0.00,    0.00,  191.55,    0.90,    0.00,    0.00,  190.90,    0.90,    0.00,    0.00,  191.55,    0.91,    0.00,    0.00,  190.95,    0.94,    0.00,    0.00,  190.93,    0.92,    0.00,    0.00,  190.97,    0.93,    0.00,    0.00,  190.96,    0.92,    0.00,    0.00, 1528.77,    7.34,    0.00,    0.00, 1536.12,   1528.77,      7.34,      0.00,      0.00,   1528.77,      7.34,   1536.12
2026-09-14,05:19:45.781,  192.00,    0.90,    0.00,    0.00,  192.60,    0.89,    0.00,    0.00,  191.93,    0.88,    0.00,    0.00,  192.60,    0.88,    0.00,    0.00,  191.98,    0.89,    0.00,    0.00,  191.97,    0.89,    0.00,    0.00,  192.01,    0.92,    0.00,    0.00,  192.01,    0.90,    0.00,    0.00, 1537.10,    7.16,    0.00,    0.00, 1544.26,   1537.10,      7.16,      0.00,      0.00,   1537.10,      7.16,   1544.26
2026-09-14,05:19:46.781,  201.89,    4.83,    0.00,    0.00,  202.54,    4.86,    0.00,    0.00,  201.81,    4.82,    0.00,    0.00,  202.46,    4.84,    0.00,    0.00,  201.78,    4.81,    0.00,    0.00,  201.80,    4.81,    0.00,    0.00,  201.90,    4.86,    0.00,    0.00,  201.92,    4.88,    0.00,    0.00, 1616.10,   38.71,    0.00,    0.00, 1654.81,   1616.10,     38.71,      0.00,      0.00,   1616.10,     38.71,   1654.81
2026-09-14,05:19:47.780,  186.24,    1.15,    0.00,    0.00,  186.87,    1.14,    0.00,    0.00,  186.19,    1.14,    0.00,    0.00,  186.86,    1.14,    0.00,    0.00,  186.22,    1.14,    0.00,    0.00,  186.21,    1.14,    0.00,    0.00,  186.25,    1.17,    0.00,    0.00,  186.27,    1.16,    0.00,    0.00, 1491.11,    9.17,    0.00,    0.00, 1500.28,   1491.11,      9.17,      0.00,      0.00,   1491.11,      9.17,   1500.28
2026-09-14,05:19:48.781,  191.77,    0.73,    0.00,    0.00,  192.40,    0.70,    0.00,    0.00,  191.74,    0.70,    0.00,    0.00,  192.34,    0.70,    0.00,    0.00,  191.76,    0.70,    0.00,    0.00,  191.75,    0.71,    0.00,    0.00,  191.79,    0.74,    0.00,    0.00,  191.80,    0.73,    0.00,    0.00, 1535.36,    5.71,    0.00,    0.00, 1541.07,   1535.36,      5.71,      0.00,      0.00,   1535.36,      5.71,   1541.07
2026-09-14,05:19:49.781,  187.33,    0.69,    0.00,    0.00,  187.95,    0.67,    0.00,    0.00,  187.29,    0.67,    0.00,    0.00,  187.94,    0.66,    0.00,    0.00,  187.31,    0.67,    0.00,    0.00,  187.32,    0.68,    0.00,    0.00,  187.34,    0.70,    0.00,    0.00,  187.34,    0.69,    0.00,    0.00, 1499.82,    5.44,    0.00,    0.00, 1505.27,   1499.82,      5.44,      0.00,      0.00,   1499.82,      5.44,   1505.27
2026-09-14,05:19:50.781,  196.10,    0.70,    0.00,    0.00,  196.71,    0.68,    0.00,    0.00,  196.05,    0.67,    0.00,    0.00,  196.69,    0.65,    0.00,    0.00,  196.09,    0.68,    0.00,    0.00,  196.08,    0.67,    0.00,    0.00,  196.08,    0.69,    0.00,    0.00,  196.10,    0.69,    0.00,    0.00, 1569.89,    5.43,    0.00,    0.00, 1575.33,   1569.89,      5.43,      0.00,      0.00,   1569.89,      5.43,   1575.33
2026-09-14,05:19:51.781,  186.44,    0.60,    0.00,    0.00,  187.05,    0.58,    0.00,    0.00,  186.37,    0.58,    0.00,    0.00,  187.01,    0.57,    0.00,    0.00,  186.40,    0.58,    0.00,    0.00,  186.40,    0.59,    0.00,    0.00,  186.43,    0.60,    0.00,    0.00,  186.44,    0.59,    0.00,    0.00, 1492.54,    4.69,    0.00,    0.00, 1497.23,   1492.54,      4.69,      0.00,      0.00,   1492.54,      4.69,   1497.23
2026-09-14,05:19:52.781,  193.31,    0.90,    0.00,    0.00,  193.93,    0.88,    0.00,    0.00,  193.25,    0.87,    0.00,    0.00,  193.89,    0.85,    0.00,    0.00,  193.27,    0.88,    0.00,    0.00,  193.29,    0.89,    0.00,    0.00,  193.31,    0.90,    0.00,    0.00,  193.33,    0.89,    0.00,    0.00, 1547.57,    7.05,    0.00,    0.00, 1554.63,   1547.57,      7.05,      0.00,      0.00,   1547.57,      7.05,   1554.63
2026-09-14,05:19:53.781,  187.14,    0.85,    0.00,    0.00,  187.77,    0.85,    0.00,    0.00,  187.06,    0.83,    0.00,    0.00,  187.74,    0.84,    0.00,    0.00,  187.10,    0.85,    0.00,    0.00,  187.13,    0.87,    0.00,    0.00,  187.18,    0.86,    0.00,    0.00,  187.16,    0.85,    0.00,    0.00, 1498.27,    6.80,    0.00,    0.00, 1505.07,   1498.27,      6.80,      0.00,      0.00,   1498.27,      6.80,   1505.07
2026-09-14,05:19:54.781,  190.16,    0.81,    0.00,    0.00,  190.80,    0.80,    0.00,    0.00,  190.10,    0.79,    0.00,    0.00,  190.77,    0.80,    0.00,    0.00,  190.14,    0.81,    0.00,    0.00,  190.16,    0.81,    0.00,    0.00,  190.20,    0.83,    0.00,    0.00,  190.18,    0.81,    0.00,    0.00, 1522.53,    6.47,    0.00,    0.00, 1529.00,   1522.53,      6.47,      0.00,      0.00,   1522.53,      6.47,   1529.00
Cleaning up
 Closed perf event handles
 Zeroed uncore PMU registers
 Freeing up all RMIDs
