
 Intel(r) Performance Counter Monitor: Memory Bandwidth Monitoring Utility ($Format:%ci ID=%h$)

 This utility measures memory bandwidth per channel or per DIMM rank in real-time


=====  Processor information  =====
Linux arch_perfmon flag  : yes
Hybrid processor         : no
IBRS and IBPB supported  : yes
STIBP supported          : yes
Spec arch caps supported : yes
Max CPUID level          : 27
CPU model number         : 106
Number of physical cores: 16
Number of logical cores: 32
Number of online logical cores: 32
Threads (logical cores) per physical core: 2
Num sockets: 1
Physical cores per socket: 16
Last level cache slices per socket: 16
Core PMU (perfmon) version: 5
Number of core PMU generic (programmable) counters: 8
Width of generic (programmable) counters: 48 bits
Number of core PMU fixed counters: 4
Width of fixed counters: 48 bits
Nominal core frequency: 2400000000 Hz
IBRS enabled in the kernel   : yes
STIBP enabled in the kernel  : no
The processor is not susceptible to Rogue Data Cache Load: yes
The processor supports enhanced IBRS                     : yes
Package thermal spec power: 135 Watt; Package minimum power: 72 Watt; Package maximum power: 557 Watt;

INFO: Linux perf interface to program uncore PMUs is present
Socket 0: 4 memory controllers detected with total number of 8 channels. 0 UPI ports detected. 4 M2M (mesh to memory) blocks detected. 0 HBM M2M blocks detected. 0 EDC/HBM channels detected. 0 Home Agents detected. 0 M3UPI blocks detected.
Socket 0: 1 PCU units detected. 6 IIO units detected. 6 IRP units detected. 16 CHA/CBO units detected. 0 MDF units detected. 1 UBOX units detected. 0 CXL units detected.
Initializing RMIDs


Detected Intel(R) Xeon(R) Silver 4314 CPU @ 2.40GHz "Intel(r) microarchitecture codename Icelake-SP" stepping 6 microcode level 0xd000421
Update every 1 seconds
Read/Write values expressed in (MB/s)
INFO: Use -mm option to monitor NM Memory Mode metrics
,,SKT0,SKT0,SKT0,SKT0,SKT0,SKT0,SKT0,SKT0,SKT0,SKT0,SKT0,SKT0,SKT0,SKT0,SKT0,SKT0,SKT0,SKT0,SKT0,SKT0,SKT0,SKT0,SKT0,SKT0,SKT0,SKT0,SKT0,SKT0,SKT0,SKT0,SKT0,SKT0,SKT0,SKT0,SKT0,SKT0,SKT0,System,System,System,System,System,System,System
Date,Time,Ch0Read,Ch0Write,Ch0PMM_Read,Ch0PMM_Write,Ch1Read,Ch1Write,Ch1PMM_Read,Ch1PMM_Write,Ch2Read,Ch2Write,Ch2PMM_Read,Ch2PMM_Write,Ch3Read,Ch3Write,Ch3PMM_Read,Ch3PMM_Write,Ch4Read,Ch4Write,Ch4PMM_Read,Ch4PMM_Write,Ch5Read,Ch5Write,Ch5PMM_Read,Ch5PMM_Write,Ch6Read,Ch6Write,Ch6PMM_Read,Ch6PMM_Write,Ch7Read,Ch7Write,Ch7PMM_Read,Ch7PMM_Write,Mem Read (MB/s),Mem Write (MB/s),PMM_Read (MB/s), PMM_Write (MB/s),Memory (MB/s),DRAMRead,DRAMWrite,PMMREAD,PMMWrite,Read,Write,Memory
2026-09-14,05:08:43.079,  195.06,   95.97,    0.00,    0.00,  196.00,   96.17,    0.00,    0.00,  194.95,   95.91,    0.00,    0.00,  195.86,   95.99,    0.00,    0.00,  195.12,   96.04,    0.00,    0.00,  195.27,   95.97,    0.00,    0.00,  195.13,   96.20,    0.00,    0.00,  195.54,   96.31,    0.00,    0.00, 1562.93,  768.56,    0.00,    0.00, 2331.49,   1562.93,    768.56,      0.00,      0.00,   1562.93,    768.56,   2331.49
2026-09-14,05:08:44.080,  185.00,   90.65,    0.00,    0.00,  185.59,   90.90,    0.00,    0.00,  185.07,   90.80,    0.00,    0.00,  185.97,   90.58,    0.00,    0.00,  185.03,   90.79,    0.00,    0.00,  185.06,   90.47,    0.00,    0.00,  184.87,   90.58,    0.00,    0.00,  185.28,   90.99,    0.00,    0.00, 1481.87,  725.76,    0.00,    0.00, 2207.62,   1481.87,    725.76,      0.00,      0.00,   1481.87,    725.76,   2207.62
2026-09-14,05:08:45.079,  184.03,   90.37,    0.00,    0.00,  184.91,   90.45,    0.00,    0.00,  184.05,   90.39,    0.00,    0.00,  184.78,   90.32,    0.00,    0.00,  184.31,   90.49,    0.00,    0.00,  184.35,   90.40,    0.00,    0.00,  184.22,   90.51,    0.00,    0.00,  184.30,   90.41,    0.00,    0.00, 1474.95,  723.35,    0.00,    0.00, 2198.29,   1474.95,    723.35,      0.00,      0.00,   1474.95,    723.35,   2198.29
2026-09-14,05:08:46.079,  184.16,   90.29,    0.00,    0.00,  184.87,   90.37,    0.00,    0.00,  184.50,   90.49,    0.00,    0.00,  185.09,   90.31,    0.00,    0.00,  184.59,   90.49,    0.00,    0.00,  184.68,   90.51,    0.00,    0.00,  184.26,   90.28,    0.00,    0.00,  184.41,   90.49,    0.00,    0.00, 1476.56,  723.23,    0.00,    0.00, 2199.79,   1476.56,    723.23,      0.00,      0.00,   1476.56,    723.23,   2199.79
2026-09-14,05:08:47.079,  184.26,   90.42,    0.00,    0.00,  185.02,   90.49,    0.00,    0.00,  184.51,   90.56,    0.00,    0.00,  185.35,   90.46,    0.00,    0.00,  184.56,   90.64,    0.00,    0.00,  184.64,   90.44,    0.00,    0.00,  184.29,   90.43,    0.00,    0.00,  184.48,   90.60,    0.00,    0.00, 1477.11,  724.04,    0.00,    0.00, 2201.15,   1477.11,    724.04,      0.00,      0.00,   1477.11,    724.04,   2201.15
2026-09-14,05:08:48.079,  183.50,   90.23,    0.00,    0.00,  184.71,   90.57,    0.00,    0.00,  183.79,   90.39,    0.00,    0.00,  184.35,   90.25,    0.00,    0.00,  183.73,   90.43,    0.00,    0.00,  183.77,   90.21,    0.00,    0.00,  183.46,   90.24,    0.00,    0.00,  183.97,   90.42,    0.00,    0.00, 1471.26,  722.73,    0.00,    0.00, 2193.99,   1471.26,    722.73,      0.00,      0.00,   1471.26,    722.73,   2193.99
2026-09-14,05:08:49.079,  182.97,   89.83,    0.00,    0.00,  183.91,   90.06,    0.00,    0.00,  183.50,   90.23,    0.00,    0.00,  183.99,   90.03,    0.00,    0.00,  183.62,   90.28,    0.00,    0.00,  183.61,   90.21,    0.00,    0.00,  183.23,   89.98,    0.00,    0.00,  183.27,   90.11,    0.00,    0.00, 1468.09,  720.73,    0.00,    0.00, 2188.82,   1468.09,    720.73,      0.00,      0.00,   1468.09,    720.73,   2188.82
2026-09-14,05:08:50.079,  184.26,   90.56,    0.00,    0.00,  185.16,   90.79,    0.00,    0.00,  184.53,   90.75,    0.00,    0.00,  185.16,   90.64,    0.00,    0.00,  184.58,   90.80,    0.00,    0.00,  184.58,   90.64,    0.00,    0.00,  184.54,   90.66,    0.00,    0.00,  184.58,   90.85,    0.00,    0.00, 1477.39,  725.69,    0.00,    0.00, 2203.08,   1477.39,    725.69,      0.00,      0.00,   1477.39,    725.69,   2203.08
2026-09-14,05:08:51.080,  184.41,   90.62,    0.00,    0.00,  185.48,   90.75,    0.00,    0.00,  184.68,   90.61,    0.00,    0.00,  185.24,   90.48,    0.00,    0.00,  184.71,   90.60,    0.00,    0.00,  184.69,   90.53,    0.00,    0.00,  184.82,   90.76,    0.00,    0.00,  184.77,   90.62,    0.00,    0.00, 1478.80,  724.97,    0.00,    0.00, 2203.76,   1478.80,    724.97,      0.00,      0.00,   1478.80,    724.97,   2203.76
2026-09-14,05:08:52.079,  184.85,   90.94,    0.00,    0.00,  185.79,   91.11,    0.00,    0.00,  184.84,   90.89,    0.00,    0.00,  185.68,   90.95,    0.00,    0.00,  185.04,   91.02,    0.00,    0.00,  185.00,   90.86,    0.00,    0.00,  184.99,   91.03,    0.00,    0.00,  184.87,   90.94,    0.00,    0.00, 1481.05,  727.74,    0.00,    0.00, 2208.80,   1481.05,    727.74,      0.00,      0.00,   1481.05,    727.74,   2208.80
2026-09-14,05:08:53.080,  186.13,   91.27,    0.00,    0.00,  186.96,   91.47,    0.00,    0.00,  186.59,   91.42,    0.00,    0.00,  187.42,   91.43,    0.00,    0.00,  186.70,   91.64,    0.00,    0.00,  186.60,   91.39,    0.00,    0.00,  186.28,   91.50,    0.00,    0.00,  186.26,   91.51,    0.00,    0.00, 1492.94,  731.63,    0.00,    0.00, 2224.57,   1492.94,    731.63,      0.00,      0.00,   1492.94,    731.63,   2224.57
2026-09-14,05:08:54.079,  185.08,   90.74,    0.00,    0.00,  186.11,   90.93,    0.00,    0.00,  185.11,   90.97,    0.00,    0.00,  185.83,   90.80,    0.00,    0.00,  185.38,   91.15,    0.00,    0.00,  185.47,   90.98,    0.00,    0.00,  185.29,   90.90,    0.00,    0.00,  185.41,   90.98,    0.00,    0.00, 1483.69,  727.46,    0.00,    0.00, 2211.15,   1483.69,    727.46,      0.00,      0.00,   1483.69,    727.46,   2211.15
2026-09-14,05:08:55.079,  184.95,   91.04,    0.00,    0.00,  185.62,   91.00,    0.00,    0.00,  184.77,   90.83,    0.00,    0.00,  185.16,   90.64,    0.00,    0.00,  184.67,   90.85,    0.00,    0.00,  184.64,   90.73,    0.00,    0.00,  184.77,   90.89,    0.00,    0.00,  185.10,   91.12,    0.00,    0.00, 1479.68,  727.10,    0.00,    0.00, 2206.78,   1479.68,    727.10,      0.00,      0.00,   1479.68,    727.10,   2206.78
2026-09-14,05:08:56.079,  185.00,   90.99,    0.00,    0.00,  185.81,   91.14,    0.00,    0.00,  185.32,   91.19,    0.00,    0.00,  186.02,   91.11,    0.00,    0.00,  185.61,   91.35,    0.00,    0.00,  185.48,   91.18,    0.00,    0.00,  185.14,   91.14,    0.00,    0.00,  185.42,   91.20,    0.00,    0.00, 1483.80,  729.30,    0.00,    0.00, 2213.10,   1483.80,    729.30,      0.00,      0.00,   1483.80,    729.30,   2213.10
2026-09-14,05:08:57.079,  183.39,   90.27,    0.00,    0.00,  184.25,   90.41,    0.00,    0.00,  183.23,   90.15,    0.00,    0.00,  184.28,   90.13,    0.00,    0.00,  183.60,   90.35,    0.00,    0.00,  183.72,   90.20,    0.00,    0.00,  183.86,   90.55,    0.00,    0.00,  183.76,   90.43,    0.00,    0.00, 1470.10,  722.48,    0.00,    0.00, 2192.58,   1470.10,    722.48,      0.00,      0.00,   1470.10,    722.48,   2192.58
2026-09-14,05:08:58.080,  182.98,   90.33,    0.00,    0.00,  183.89,   90.51,    0.00,    0.00,  182.98,   90.36,    0.00,    0.00,  183.83,   90.31,    0.00,    0.00,  183.30,   90.49,    0.00,    0.00,  183.32,   90.37,    0.00,    0.00,  183.02,   90.49,    0.00,    0.00,  183.30,   90.55,    0.00,    0.00, 1466.62,  723.39,    0.00,    0.00, 2190.01,   1466.62,    723.39,      0.00,      0.00,   1466.62,    723.39,   2190.01
2026-09-14,05:08:59.079,  184.43,   90.73,    0.00,    0.00,  185.60,   91.05,    0.00,    0.00,  184.80,   91.11,    0.00,    0.00,  185.48,   90.79,    0.00,    0.00,  184.88,   91.16,    0.00,    0.00,  184.87,   90.91,    0.00,    0.00,  184.39,   90.78,    0.00,    0.00,  184.72,   90.96,    0.00,    0.00, 1479.17,  727.49,    0.00,    0.00, 2206.66,   1479.17,    727.49,      0.00,      0.00,   1479.17,    727.49,   2206.66
2026-09-14,05:09:00.080,  184.52,   90.84,    0.00,    0.00,  185.58,   91.02,    0.00,    0.00,  184.66,   90.89,    0.00,    0.00,  185.31,   90.75,    0.00,    0.00,  184.73,   90.95,    0.00,    0.00,  184.81,   90.88,    0.00,    0.00,  184.77,   90.89,    0.00,    0.00,  184.94,   91.10,    0.00,    0.00, 1479.32,  727.33,    0.00,    0.00, 2206.65,   1479.32,    727.33,      0.00,      0.00,   1479.32,    727.33,   2206.65
2026-09-14,05:09:01.079,  184.21,   90.63,    0.00,    0.00,  185.37,   90.95,    0.00,    0.00,  184.43,   90.64,    0.00,    0.00,  185.32,   90.62,    0.00,    0.00,  184.54,   90.74,    0.00,    0.00,  184.62,   90.61,    0.00,    0.00,  184.45,   90.85,    0.00,    0.00,  184.71,   90.95,    0.00,    0.00, 1477.66,  725.99,    0.00,    0.00, 2203.65,   1477.66,    725.99,      0.00,      0.00,   1477.66,    725.99,   2203.65
2026-09-14,05:09:02.080,  189.98,   93.42,    0.00,    0.00,  190.67,   93.44,    0.00,    0.00,  189.94,   93.38,    0.00,    0.00,  190.80,   93.36,    0.00,    0.00,  190.42,   93.52,    0.00,    0.00,  190.21,   93.43,    0.00,    0.00,  190.10,   93.49,    0.00,    0.00,  190.09,   93.38,    0.00,    0.00, 1522.21,  747.42,    0.00,    0.00, 2269.63,   1522.21,    747.42,      0.00,      0.00,   1522.21,    747.42,   2269.63
2026-09-14,05:09:03.079,  185.57,   90.97,    0.00,    0.00,  186.46,   90.98,    0.00,    0.00,  185.54,   90.89,    0.00,    0.00,  186.49,   90.92,    0.00,    0.00,  186.14,   91.14,    0.00,    0.00,  186.03,   90.93,    0.00,    0.00,  185.54,   91.02,    0.00,    0.00,  185.68,   90.98,    0.00,    0.00, 1487.45,  727.85,    0.00,    0.00, 2215.30,   1487.45,    727.85,      0.00,      0.00,   1487.45,    727.85,   2215.30
2026-09-14,05:09:04.079,  184.88,   90.89,    0.00,    0.00,  185.59,   90.97,    0.00,    0.00,  184.86,   90.93,    0.00,    0.00,  186.06,   91.02,    0.00,    0.00,  185.29,   91.15,    0.00,    0.00,  185.32,   91.03,    0.00,    0.00,  184.89,   90.98,    0.00,    0.00,  185.37,   91.07,    0.00,    0.00, 1482.26,  728.04,    0.00,    0.00, 2210.30,   1482.26,    728.04,      0.00,      0.00,   1482.26,    728.04,   2210.30
2026-09-14,05:09:05.079,  185.07,   91.12,    0.00,    0.00,  185.96,   91.21,    0.00,    0.00,  185.30,   91.10,    0.00,    0.00,  186.36,   91.13,    0.00,    0.00,  185.71,   91.35,    0.00,    0.00,  185.52,   91.15,    0.00,    0.00,  185.21,   91.29,    0.00,    0.00,  185.41,   91.24,    0.00,    0.00, 1484.53,  729.59,    0.00,    0.00, 2214.12,   1484.53,    729.59,      0.00,      0.00,   1484.53,    729.59,   2214.12
2026-09-14,05:09:06.079,  184.38,   90.69,    0.00,    0.00,  185.48,   90.93,    0.00,    0.00,  184.94,   91.04,    0.00,    0.00,  185.78,   91.08,    0.00,    0.00,  185.03,   91.11,    0.00,    0.00,  185.07,   91.05,    0.00,    0.00,  184.75,   90.83,    0.00,    0.00,  184.66,   90.85,    0.00,    0.00, 1480.08,  727.58,    0.00,    0.00, 2207.67,   1480.08,    727.58,      0.00,      0.00,   1480.08,    727.58,   2207.67
2026-09-14,05:09:07.080,  185.35,   91.13,    0.00,    0.00,  186.15,   91.32,    0.00,    0.00,  185.39,   91.07,    0.00,    0.00,  185.77,   90.91,    0.00,    0.00,  185.52,   91.20,    0.00,    0.00,  185.26,   91.00,    0.00,    0.00,  185.51,   91.28,    0.00,    0.00,  185.78,   91.42,    0.00,    0.00, 1484.73,  729.31,    0.00,    0.00, 2214.05,   1484.73,    729.31,      0.00,      0.00,   1484.73,    729.31,   2214.05
2026-09-14,05:09:08.079,  185.07,   91.28,    0.00,    0.00,  186.01,   91.33,    0.00,    0.00,  185.35,   91.23,    0.00,    0.00,  186.29,   91.23,    0.00,    0.00,  185.52,   91.27,    0.00,    0.00,  185.72,   91.39,    0.00,    0.00,  185.07,   91.36,    0.00,    0.00,  185.45,   91.41,    0.00,    0.00, 1484.46,  730.49,    0.00,    0.00, 2214.95,   1484.46,    730.49,      0.00,      0.00,   1484.46,    730.49,   2214.95
2026-09-14,05:09:09.080,  184.64,   90.89,    0.00,    0.00,  185.51,   90.98,    0.00,    0.00,  184.83,   90.99,    0.00,    0.00,  185.09,   90.72,    0.00,    0.00,  185.04,   91.10,    0.00,    0.00,  184.80,   90.88,    0.00,    0.00,  184.77,   91.00,    0.00,    0.00,  185.00,   91.09,    0.00,    0.00, 1479.68,  727.64,    0.00,    0.00, 2207.32,   1479.68,    727.64,      0.00,      0.00,   1479.68,    727.64,   2207.32
2026-09-14,05:09:10.079,  185.39,   91.17,    0.00,    0.00,  186.11,   91.28,    0.00,    0.00,  185.25,   91.20,    0.00,    0.00,  185.88,   91.15,    0.00,    0.00,  185.29,   91.29,    0.00,    0.00,  185.30,   91.19,    0.00,    0.00,  185.46,   91.26,    0.00,    0.00,  185.73,   91.33,    0.00,    0.00, 1484.41,  729.87,    0.00,    0.00, 2214.28,   1484.41,    729.87,      0.00,      0.00,   1484.41,    729.87,   2214.28
2026-09-14,05:09:11.080,  187.70,   92.07,    0.00,    0.00,  188.68,   92.32,    0.00,    0.00,  187.85,   92.23,    0.00,    0.00,  188.79,   92.19,    0.00,    0.00,  188.24,   92.46,    0.00,    0.00,  188.25,   92.28,    0.00,    0.00,  188.13,   92.32,    0.00,    0.00,  188.08,   92.22,    0.00,    0.00, 1505.71,  738.10,    0.00,    0.00, 2243.81,   1505.71,    738.10,      0.00,      0.00,   1505.71,    738.10,   2243.81
2026-09-14,05:09:12.079,  185.74,   91.11,    0.00,    0.00,  186.58,   91.21,    0.00,    0.00,  185.64,   91.15,    0.00,    0.00,  186.51,   91.15,    0.00,    0.00,  185.68,   91.21,    0.00,    0.00,  186.02,   91.25,    0.00,    0.00,  185.55,   91.19,    0.00,    0.00,  186.10,   91.28,    0.00,    0.00, 1487.81,  729.54,    0.00,    0.00, 2217.35,   1487.81,    729.54,      0.00,      0.00,   1487.81,    729.54,   2217.35
2026-09-14,05:09:13.080,  188.96,   92.48,    0.00,    0.00,  189.88,   92.59,    0.00,    0.00,  188.67,   92.38,    0.00,    0.00,  189.49,   92.35,    0.00,    0.00,  189.07,   92.56,    0.00,    0.00,  189.06,   92.55,    0.00,    0.00,  188.94,   92.54,    0.00,    0.00,  189.46,   92.70,    0.00,    0.00, 1513.53,  740.15,    0.00,    0.00, 2253.67,   1513.53,    740.15,      0.00,      0.00,   1513.53,    740.15,   2253.67
2026-09-14,05:09:14.079,  186.90,   91.54,    0.00,    0.00,  187.65,   91.74,    0.00,    0.00,  187.05,   91.78,    0.00,    0.00,  187.78,   91.68,    0.00,    0.00,  187.41,   91.89,    0.00,    0.00,  187.54,   91.74,    0.00,    0.00,  187.05,   91.68,    0.00,    0.00,  187.27,   91.81,    0.00,    0.00, 1498.64,  733.86,    0.00,    0.00, 2232.50,   1498.64,    733.86,      0.00,      0.00,   1498.64,    733.86,   2232.50
2026-09-14,05:09:15.080,  189.13,   92.79,    0.00,    0.00,  190.02,   93.03,    0.00,    0.00,  189.32,   92.83,    0.00,    0.00,  190.23,   92.86,    0.00,    0.00,  189.60,   93.02,    0.00,    0.00,  189.81,   92.89,    0.00,    0.00,  189.56,   93.02,    0.00,    0.00,  189.38,   92.97,    0.00,    0.00, 1517.05,  743.41,    0.00,    0.00, 2260.47,   1517.05,    743.41,      0.00,      0.00,   1517.05,    743.41,   2260.47
2026-09-14,05:09:16.080,  196.30,   96.62,    0.00,    0.00,  197.51,   96.92,    0.00,    0.00,  196.31,   96.54,    0.00,    0.00,  196.93,   96.41,    0.00,    0.00,  196.61,   96.70,    0.00,    0.00,  196.53,   96.51,    0.00,    0.00,  196.56,   96.85,    0.00,    0.00,  197.05,   97.01,    0.00,    0.00, 1573.80,  773.57,    0.00,    0.00, 2347.36,   1573.80,    773.57,      0.00,      0.00,   1573.80,    773.57,   2347.36
2026-09-14,05:09:17.079,  185.33,   91.14,    0.00,    0.00,  186.33,   91.23,    0.00,    0.00,  185.65,   91.15,    0.00,    0.00,  186.33,   91.10,    0.00,    0.00,  185.84,   91.30,    0.00,    0.00,  185.86,   91.18,    0.00,    0.00,  185.67,   91.35,    0.00,    0.00,  186.08,   91.46,    0.00,    0.00, 1487.10,  729.91,    0.00,    0.00, 2217.01,   1487.10,    729.91,      0.00,      0.00,   1487.10,    729.91,   2217.01
2026-09-14,05:09:18.080,  184.81,   91.21,    0.00,    0.00,  185.58,   91.25,    0.00,    0.00,  185.14,   91.39,    0.00,    0.00,  186.16,   91.48,    0.00,    0.00,  185.66,   91.58,    0.00,    0.00,  185.57,   91.52,    0.00,    0.00,  185.01,   91.42,    0.00,    0.00,  185.22,   91.41,    0.00,    0.00, 1483.16,  731.26,    0.00,    0.00, 2214.42,   1483.16,    731.26,      0.00,      0.00,   1483.16,    731.26,   2214.42
2026-09-14,05:09:19.079,  184.86,   90.95,    0.00,    0.00,  185.63,   91.12,    0.00,    0.00,  185.05,   91.06,    0.00,    0.00,  185.93,   91.01,    0.00,    0.00,  185.40,   91.29,    0.00,    0.00,  185.36,   91.12,    0.00,    0.00,  185.07,   91.22,    0.00,    0.00,  185.06,   91.16,    0.00,    0.00, 1482.37,  728.93,    0.00,    0.00, 2211.30,   1482.37,    728.93,      0.00,      0.00,   1482.37,    728.93,   2211.30
2026-09-14,05:09:20.080,  184.61,   91.01,    0.00,    0.00,  185.56,   91.22,    0.00,    0.00,  184.44,   90.91,    0.00,    0.00,  185.30,   90.81,    0.00,    0.00,  184.79,   91.00,    0.00,    0.00,  184.77,   90.78,    0.00,    0.00,  184.67,   91.05,    0.00,    0.00,  185.21,   91.24,    0.00,    0.00, 1479.36,  728.00,    0.00,    0.00, 2207.36,   1479.36,    728.00,      0.00,      0.00,   1479.36,    728.00,   2207.36
2026-09-14,05:09:21.079,  185.25,   91.10,    0.00,    0.00,  186.13,   91.26,    0.00,    0.00,  185.14,   91.11,    0.00,    0.00,  185.63,   90.93,    0.00,    0.00,  185.13,   91.17,    0.00,    0.00,  185.35,   91.06,    0.00,    0.00,  185.26,   91.19,    0.00,    0.00,  185.59,   91.33,    0.00,    0.00, 1483.49,  729.15,    0.00,    0.00, 2212.64,   1483.49,    729.15,      0.00,      0.00,   1483.49,    729.15,   2212.64
2026-09-14,05:09:22.080,  184.71,   90.83,    0.00,    0.00,  185.27,   90.76,    0.00,    0.00,  184.72,   90.93,    0.00,    0.00,  185.52,   90.96,    0.00,    0.00,  184.91,   90.98,    0.00,    0.00,  185.34,   91.05,    0.00,    0.00,  184.84,   90.86,    0.00,    0.00,  184.49,   90.77,    0.00,    0.00, 1479.80,  727.14,    0.00,    0.00, 2206.94,   1479.80,    727.14,      0.00,      0.00,   1479.80,    727.14,   2206.94
2026-09-14,05:09:23.080,  185.37,   91.10,    0.00,    0.00,  186.54,   91.46,    0.00,    0.00,  185.74,   91.37,    0.00,    0.00,  186.27,   91.06,    0.00,    0.00,  185.88,   91.39,    0.00,    0.00,  185.81,   91.11,    0.00,    0.00,  185.48,   91.25,    0.00,    0.00,  185.85,   91.51,    0.00,    0.00, 1486.95,  730.26,    0.00,    0.00, 2217.20,   1486.95,    730.26,      0.00,      0.00,   1486.95,    730.26,   2217.20
2026-09-14,05:09:24.081,  184.87,   90.93,    0.00,    0.00,  185.55,   91.06,    0.00,    0.00,  184.79,   90.90,    0.00,    0.00,  185.64,   90.72,    0.00,    0.00,  184.95,   90.89,    0.00,    0.00,  185.23,   90.83,    0.00,    0.00,  184.96,   91.04,    0.00,    0.00,  185.24,   91.19,    0.00,    0.00, 1481.24,  727.55,    0.00,    0.00, 2208.79,   1481.24,    727.55,      0.00,      0.00,   1481.24,    727.55,   2208.79
2026-09-14,05:09:25.081,  184.73,   90.90,    0.00,    0.00,  185.74,   91.14,    0.00,    0.00,  185.34,   91.31,    0.00,    0.00,  185.70,   91.20,    0.00,    0.00,  185.40,   91.41,    0.00,    0.00,  185.26,   91.27,    0.00,    0.00,  184.88,   91.08,    0.00,    0.00,  185.36,   91.13,    0.00,    0.00, 1482.42,  729.44,    0.00,    0.00, 2211.86,   1482.42,    729.44,      0.00,      0.00,   1482.42,    729.44,   2211.86
2026-09-14,05:09:26.080,  184.89,   90.85,    0.00,    0.00,  185.61,   91.11,    0.00,    0.00,  184.98,   90.80,    0.00,    0.00,  185.93,   90.93,    0.00,    0.00,  185.48,   91.27,    0.00,    0.00,  185.56,   91.03,    0.00,    0.00,  185.18,   91.15,    0.00,    0.00,  185.21,   91.11,    0.00,    0.00, 1482.85,  728.26,    0.00,    0.00, 2211.11,   1482.85,    728.26,      0.00,      0.00,   1482.85,    728.26,   2211.11
2026-09-14,05:09:27.081,  185.32,   91.13,    0.00,    0.00,  186.09,   91.28,    0.00,    0.00,  185.50,   91.34,    0.00,    0.00,  186.52,   91.37,    0.00,    0.00,  185.69,   91.43,    0.00,    0.00,  186.01,   91.38,    0.00,    0.00,  185.51,   91.37,    0.00,    0.00,  185.68,   91.39,    0.00,    0.00, 1486.32,  730.69,    0.00,    0.00, 2217.01,   1486.32,    730.69,      0.00,      0.00,   1486.32,    730.69,   2217.01
2026-09-14,05:09:28.080,  184.52,   90.84,    0.00,    0.00,  185.41,   91.10,    0.00,    0.00,  184.97,   91.13,    0.00,    0.00,  185.61,   91.04,    0.00,    0.00,  185.11,   91.26,    0.00,    0.00,  184.89,   91.01,    0.00,    0.00,  184.51,   90.85,    0.00,    0.00,  184.75,   91.05,    0.00,    0.00, 1479.78,  728.29,    0.00,    0.00, 2208.07,   1479.78,    728.29,      0.00,      0.00,   1479.78,    728.29,   2208.07
2026-09-14,05:09:29.081,  184.64,   90.85,    0.00,    0.00,  185.67,   91.03,    0.00,    0.00,  184.90,   90.91,    0.00,    0.00,  185.57,   90.97,    0.00,    0.00,  185.12,   90.99,    0.00,    0.00,  184.95,   90.76,    0.00,    0.00,  185.23,   91.12,    0.00,    0.00,  185.04,   90.98,    0.00,    0.00, 1481.11,  727.62,    0.00,    0.00, 2208.73,   1481.11,    727.62,      0.00,      0.00,   1481.11,    727.62,   2208.73
2026-09-14,05:09:30.080,  183.95,   90.70,    0.00,    0.00,  184.97,   90.90,    0.00,    0.00,  184.23,   90.89,    0.00,    0.00,  185.01,   90.69,    0.00,    0.00,  184.61,   90.98,    0.00,    0.00,  184.45,   90.84,    0.00,    0.00,  184.19,   90.80,    0.00,    0.00,  184.48,   90.98,    0.00,    0.00, 1475.89,  726.77,    0.00,    0.00, 2202.66,   1475.89,    726.77,      0.00,      0.00,   1475.89,    726.77,   2202.66
2026-09-14,05:09:31.081,  184.29,   90.83,    0.00,    0.00,  185.02,   90.77,    0.00,    0.00,  184.25,   90.69,    0.00,    0.00,  185.12,   90.65,    0.00,    0.00,  184.38,   90.68,    0.00,    0.00,  184.49,   90.67,    0.00,    0.00,  184.13,   90.83,    0.00,    0.00,  184.40,   90.81,    0.00,    0.00, 1476.08,  725.93,    0.00,    0.00, 2202.01,   1476.08,    725.93,      0.00,      0.00,   1476.08,    725.93,   2202.01
2026-09-14,05:09:32.081,  184.72,   90.93,    0.00,    0.00,  185.15,   90.81,    0.00,    0.00,  184.96,   90.83,    0.00,    0.00,  185.79,   90.81,    0.00,    0.00,  185.04,   90.89,    0.00,    0.00,  185.48,   90.91,    0.00,    0.00,  184.86,   91.05,    0.00,    0.00,  184.88,   91.00,    0.00,    0.00, 1480.87,  727.23,    0.00,    0.00, 2208.10,   1480.87,    727.23,      0.00,      0.00,   1480.87,    727.23,   2208.10
2026-09-14,05:09:33.081,  191.74,   93.89,    0.00,    0.00,  192.53,   94.11,    0.00,    0.00,  191.60,   94.03,    0.00,    0.00,  192.25,   93.88,    0.00,    0.00,  191.59,   94.07,    0.00,    0.00,  191.71,   93.85,    0.00,    0.00,  191.73,   94.04,    0.00,    0.00,  192.01,   94.07,    0.00,    0.00, 1535.16,  751.94,    0.00,    0.00, 2287.10,   1535.16,    751.94,      0.00,      0.00,   1535.16,    751.94,   2287.10
2026-09-14,05:09:34.081,  184.49,   90.91,    0.00,    0.00,  185.68,   91.13,    0.00,    0.00,  185.18,   91.19,    0.00,    0.00,  185.95,   91.11,    0.00,    0.00,  185.42,   91.31,    0.00,    0.00,  185.47,   91.15,    0.00,    0.00,  184.68,   91.08,    0.00,    0.00,  184.85,   91.13,    0.00,    0.00, 1481.72,  729.01,    0.00,    0.00, 2210.73,   1481.72,    729.01,      0.00,      0.00,   1481.72,    729.01,   2210.73
2026-09-14,05:09:35.081,  184.31,   90.88,    0.00,    0.00,  185.17,   90.94,    0.00,    0.00,  184.82,   90.99,    0.00,    0.00,  185.45,   90.95,    0.00,    0.00,  185.06,   91.05,    0.00,    0.00,  185.10,   90.99,    0.00,    0.00,  184.52,   91.02,    0.00,    0.00,  184.76,   91.08,    0.00,    0.00, 1479.19,  727.90,    0.00,    0.00, 2207.08,   1479.19,    727.90,      0.00,      0.00,   1479.19,    727.90,   2207.08
2026-09-14,05:09:36.081,  184.10,   90.49,    0.00,    0.00,  184.95,   90.67,    0.00,    0.00,  184.36,   90.82,    0.00,    0.00,  185.40,   90.74,    0.00,    0.00,  184.59,   90.87,    0.00,    0.00,  184.70,   90.69,    0.00,    0.00,  184.28,   90.61,    0.00,    0.00,  184.38,   90.80,    0.00,    0.00, 1476.75,  725.69,    0.00,    0.00, 2202.44,   1476.75,    725.69,      0.00,      0.00,   1476.75,    725.69,   2202.44
2026-09-14,05:09:37.080,  184.82,   90.96,    0.00,    0.00,  185.85,   91.05,    0.00,    0.00,  184.59,   90.77,    0.00,    0.00,  185.44,   90.84,    0.00,    0.00,  184.77,   90.92,    0.00,    0.00,  184.82,   90.80,    0.00,    0.00,  185.10,   91.07,    0.00,    0.00,  185.12,   91.08,    0.00,    0.00, 1480.50,  727.48,    0.00,    0.00, 2207.98,   1480.50,    727.48,      0.00,      0.00,   1480.50,    727.48,   2207.98
2026-09-14,05:09:38.081,  183.83,   90.41,    0.00,    0.00,  184.65,   90.64,    0.00,    0.00,  183.83,   90.69,    0.00,    0.00,  184.67,   90.54,    0.00,    0.00,  184.28,   90.92,    0.00,    0.00,  184.31,   90.57,    0.00,    0.00,  184.17,   90.51,    0.00,    0.00,  184.03,   90.64,    0.00,    0.00, 1473.79,  724.92,    0.00,    0.00, 2198.71,   1473.79,    724.92,      0.00,      0.00,   1473.79,    724.92,   2198.71
2026-09-14,05:09:39.081,  188.00,   92.13,    0.00,    0.00,  188.69,   92.23,    0.00,    0.00,  187.76,   92.14,    0.00,    0.00,  188.42,   91.99,    0.00,    0.00,  187.90,   92.08,    0.00,    0.00,  187.83,   91.92,    0.00,    0.00,  187.95,   92.16,    0.00,    0.00,  188.18,   92.31,    0.00,    0.00, 1504.73,  736.95,    0.00,    0.00, 2241.67,   1504.73,    736.95,      0.00,      0.00,   1504.73,    736.95,   2241.67
2026-09-14,05:09:40.081,  185.09,   91.06,    0.00,    0.00,  186.06,   91.03,    0.00,    0.00,  185.46,   91.11,    0.00,    0.00,  186.46,   91.14,    0.00,    0.00,  185.86,   91.34,    0.00,    0.00,  185.96,   91.21,    0.00,    0.00,  185.44,   91.27,    0.00,    0.00,  185.45,   91.09,    0.00,    0.00, 1485.78,  729.24,    0.00,    0.00, 2215.02,   1485.78,    729.24,      0.00,      0.00,   1485.78,    729.24,   2215.02
2026-09-14,05:09:41.081,  184.16,   90.74,    0.00,    0.00,  185.07,   90.88,    0.00,    0.00,  184.44,   90.69,    0.00,    0.00,  185.29,   90.73,    0.00,    0.00,  184.71,   90.85,    0.00,    0.00,  184.68,   90.66,    0.00,    0.00,  184.38,   90.90,    0.00,    0.00,  184.53,   90.84,    0.00,    0.00, 1477.26,  726.29,    0.00,    0.00, 2203.55,   1477.26,    726.29,      0.00,      0.00,   1477.26,    726.29,   2203.55
2026-09-14,05:09:42.081,  184.86,   91.04,    0.00,    0.00,  185.82,   91.15,    0.00,    0.00,  184.87,   91.01,    0.00,    0.00,  185.65,   90.94,    0.00,    0.00,  185.10,   91.09,    0.00,    0.00,  185.15,   91.00,    0.00,    0.00,  185.13,   91.15,    0.00,    0.00,  185.25,   91.19,    0.00,    0.00, 1481.83,  728.57,    0.00,    0.00, 2210.40,   1481.83,    728.57,      0.00,      0.00,   1481.83,    728.57,   2210.40
Cleaning up
 Closed perf event handles
 Zeroed uncore PMU registers
 Freeing up all RMIDs
