
 Intel(r) Performance Counter Monitor: Raw Event Monitoring Utility 


=====  Processor information  =====
Linux arch_perfmon flag  : yes
Hybrid processor         : no
IBRS and IBPB supported  : yes
STIBP supported          : yes
Spec arch caps supported : yes
Max CPUID level          : 27
CPU model number         : 106
Number of physical cores: 16
Number of logical cores: 32
Number of online logical cores: 32
Threads (logical cores) per physical core: 2
Num sockets: 1
Physical cores per socket: 16
Last level cache slices per socket: 16
Core PMU (perfmon) version: 5
Number of core PMU generic (programmable) counters: 8
Width of generic (programmable) counters: 48 bits
Number of core PMU fixed counters: 4
Width of fixed counters: 48 bits
Nominal core frequency: 2400000000 Hz
IBRS enabled in the kernel   : yes
STIBP enabled in the kernel  : no
The processor is not susceptible to Rogue Data Cache Load: yes
The processor supports enhanced IBRS                     : yes
Package thermal spec power: 135 Watt; Package minimum power: 72 Watt; Package maximum power: 557 Watt;

INFO: Linux perf interface to program uncore PMUs is present
Socket 0: 4 memory controllers detected with total number of 8 channels. 0 UPI ports detected. 4 M2M (mesh to memory) blocks detected. 0 HBM M2M blocks detected. 0 EDC/HBM channels detected. 0 Home Agents detected. 0 M3UPI blocks detected.
Socket 0: 1 PCU units detected. 6 IIO units detected. 6 IRP units detected. 16 CHA/CBO units detected. 0 MDF units detected. 1 UBOX units detected. 0 CXL units detected.
Initializing RMIDs

parsed  cha event: "drd_occ_agg" : {0xc8168600400136, 0x0, 0x0, 0x0, 0x0, 0x0}
parsed  cha event: "drd_inserts" : {0xc8168600400135, 0x0, 0x0, 0x0, 0x0, 0x0}

Detected Intel(R) Xeon(R) Silver 4314 CPU @ 2.40GHz "Intel(r) microarchitecture codename Icelake-SP" stepping 6 microcode level 0xd000421
Collecting 1 event group(s)
Update every 1 seconds
,,,SKT0C0,SKT0C0,SKT0C1,SKT0C1,SKT0C2,SKT0C2,SKT0C3,SKT0C3,SKT0C4,SKT0C4,SKT0C5,SKT0C5,SKT0C6,SKT0C6,SKT0C7,SKT0C7,SKT0C8,SKT0C8,SKT0C9,SKT0C9,SKT0C10,SKT0C10,SKT0C11,SKT0C11,SKT0C12,SKT0C12,SKT0C13,SKT0C13,SKT0C14,SKT0C14,SKT0C15,SKT0C15,
Date,Time,ms,drd_occ_agg,drd_inserts,drd_occ_agg,drd_inserts,drd_occ_agg,drd_inserts,drd_occ_agg,drd_inserts,drd_occ_agg,drd_inserts,drd_occ_agg,drd_inserts,drd_occ_agg,drd_inserts,drd_occ_agg,drd_inserts,drd_occ_agg,drd_inserts,drd_occ_agg,drd_inserts,drd_occ_agg,drd_inserts,drd_occ_agg,drd_inserts,drd_occ_agg,drd_inserts,drd_occ_agg,drd_inserts,drd_occ_agg,drd_inserts,drd_occ_agg,drd_inserts,
2026-09-14,05:20:57.113,1000,657311,9223,645042,8926,636075,9002,664228,8788,486708,8972,572373,9337,688688,9156,652408,9404,638076,9212,692762,9604,629819,9555,667273,9487,577684,8832,582707,8785,610863,9197,644856,9207,
2026-09-14,05:20:58.113,999,239740,3378,232436,3223,228559,3296,232921,3145,198929,3488,225052,3510,252358,3395,243544,3507,228598,3317,261403,3642,230771,3541,248805,3569,214597,3312,213814,3261,238900,3592,242734,3480,
2026-09-14,05:20:59.113,999,176444,2511,167511,2347,169076,2397,177660,2358,142661,2567,163770,2619,189589,2536,180891,2614,170947,2496,198726,2798,170456,2593,191236,2729,155716,2385,159637,2413,182998,2759,176791,2548,
2026-09-14,05:21:00.114,1000,193875,2776,179806,2538,193336,2737,193441,2568,158171,2831,178034,2826,207828,2782,197639,2852,185404,2716,210177,2968,192535,2915,204675,2920,176157,2699,178349,2700,193897,2917,193831,2785,
2026-09-14,05:21:01.113,999,182405,2610,179108,2518,180706,2557,181552,2405,150102,2691,171560,2729,203479,2716,189042,2726,173825,2548,205418,2909,184987,2809,199801,2850,167046,2560,168332,2546,185633,2796,185159,2664,
2026-09-14,05:21:02.113,999,203040,2880,196998,2743,201880,2861,200753,2659,159653,2808,184097,2898,211907,2828,202539,2918,191558,2791,215997,3029,192733,2919,210619,2990,176744,2699,181678,2740,200056,3016,194205,2823,
2026-09-14,05:21:03.113,999,165934,2355,159897,2229,159729,2262,161475,2142,132946,2413,153202,2466,175982,2353,172846,2492,159219,2320,189644,2657,156879,2380,180552,2571,146347,2244,147278,2225,164426,2482,161472,2325,
2026-09-14,05:21:04.114,1000,197910,2822,189286,2650,194880,2770,195429,2600,160955,2868,181793,2877,215241,2881,201713,2907,185312,2715,219947,3101,195608,2974,208861,2981,178182,2735,179376,2719,202123,3048,200294,2887,
2026-09-14,05:21:05.113,999,173671,2491,175073,2469,176461,2500,172211,2285,144285,2584,162825,2589,189904,2530,182005,2623,168062,2478,194099,2747,172196,2609,192289,2736,160812,2458,161755,2433,177537,2675,180443,2595,
2026-09-14,05:21:06.113,999,180178,2575,179703,2519,183733,2605,181204,2404,143598,2573,161828,2572,197450,2642,185862,2684,174319,2552,197162,2779,185371,2799,192163,2745,161440,2475,171439,2592,188587,2847,185371,2664,
2026-09-14,05:21:07.113,999,187761,2660,190274,2644,188268,2715,188728,2553,152346,2718,173855,2749,206463,2757,194692,2811,181896,2646,204626,2859,182694,2805,203804,2901,166780,2559,170976,2580,191151,2884,193729,2779,
2026-09-14,05:21:08.113,999,211499,3032,212200,2983,208172,2949,224077,2968,173567,3067,198544,3113,236247,3156,220210,3178,202200,2973,227000,3211,207390,3139,222132,3166,199080,3049,201628,3048,217682,3277,221281,3201,
2026-09-14,05:21:09.114,1000,167027,2369,158168,2202,159732,2267,163061,2166,132427,2400,148488,2387,181060,2417,170068,2460,157163,2293,183089,2564,164787,2497,173202,2465,146194,2235,147779,2228,169933,2570,171127,2460,
2026-09-14,05:21:10.113,999,200669,2881,199306,2811,201062,2852,205277,2716,162902,2912,184198,2920,222227,2968,205005,2959,187681,2769,215521,3047,195493,2964,210976,3006,180850,2765,192753,2909,201262,3031,209236,3005,
2026-09-14,05:21:11.113,999,176977,2543,176620,2497,177471,2516,186616,2470,149552,2674,165869,2635,198896,2652,184157,2659,167055,2471,200521,2850,180046,2727,196819,2800,164249,2512,174837,2636,185988,2803,189111,2713,
2026-09-14,05:21:12.113,999,187195,2680,194607,2734,184886,2626,201056,2669,157448,2829,177059,2814,214927,2868,200171,2890,188372,2766,214522,3026,187615,2853,213454,3044,172651,2646,183549,2779,194757,2937,204048,2930,
2026-09-14,05:21:13.114,1000,201068,2841,201794,2801,193033,2791,200139,2697,168454,2941,188007,2913,223701,2978,209680,3021,197387,2871,227549,3182,194203,2987,222407,3157,180385,2751,192495,2892,201917,3033,204689,2957,
2026-09-14,05:21:14.113,999,264763,3776,265339,3717,266013,3850,275371,3714,230439,3943,258294,3951,294694,4002,276140,3987,261131,3835,288002,4060,255772,3935,288542,4180,238906,3712,243895,3758,267080,4013,273965,3924,
2026-09-14,05:21:15.113,999,192050,2766,201082,2850,197545,2794,200331,2651,159510,2859,177143,2806,214214,2860,206099,2968,190135,2813,212539,3015,194212,2944,217525,3096,174767,2672,184754,2783,199717,3009,201658,2891,
2026-09-14,05:21:16.113,999,189285,2709,192956,2712,187899,2671,199148,2639,152771,2743,178151,2833,207246,2769,195813,2831,177768,2616,204699,2888,188587,2864,203485,2901,172434,2639,179292,2707,192487,2906,193232,2777,
2026-09-14,05:21:17.114,1000,210830,3009,215661,3034,204374,2939,215188,2904,175948,3106,203740,3190,233545,3113,226031,3266,205424,3012,235014,3309,208518,3209,230284,3275,186622,2855,198252,2989,213110,3206,213860,3065,
2026-09-14,05:21:18.113,999,172264,2474,177542,2504,174074,2472,175442,2322,143510,2576,161217,2563,192170,2567,185907,2683,172210,2532,197624,2795,172624,2624,196704,2796,154478,2359,162969,2456,176949,2667,175699,2524,
2026-09-14,05:21:19.113,999,188313,2682,187003,2613,183324,2596,186568,2462,152947,2710,172650,2708,207831,2769,192386,2773,181545,2662,205329,2888,183419,2785,213117,3021,171794,2618,174356,2621,185079,2780,191502,2774,
2026-09-14,05:21:20.114,1000,213312,3056,205061,2888,202914,2879,210151,2780,164269,2945,188886,3011,224492,2999,215852,3115,199454,2930,233588,3298,210679,3186,220653,3142,189120,2898,196121,2965,217093,3270,213487,3068,
2026-09-14,05:21:21.115,1000,174278,2501,169653,2391,168273,2381,173564,2296,141019,2532,165792,2638,191730,2560,178991,2582,166554,2447,195980,2776,177748,2690,187241,2667,159532,2438,166584,2508,182870,2753,180694,2590,
2026-09-14,05:21:22.114,999,169669,2426,164811,2322,161757,2299,165845,2196,135516,2434,154868,2466,183461,2450,173157,2500,157328,2309,186643,2636,166245,2519,181370,2586,152469,2331,156874,2366,175089,2640,174999,2511,
2026-09-14,05:21:23.114,999,174915,2503,170117,2399,171444,2433,173772,2304,142273,2564,158768,2519,189936,2538,184848,2674,169468,2495,195466,2764,173700,2624,191441,2729,156914,2402,164806,2489,182313,2745,179556,2582,
2026-09-14,05:21:24.114,999,192485,2763,190641,2686,197542,2803,200566,2653,158816,2808,176504,2753,217399,2900,197574,2856,186776,2736,210814,2982,187584,2839,208352,2967,176243,2695,179564,2708,206442,3109,195530,2831,
2026-09-14,05:21:25.115,1000,178388,2541,176072,2476,178080,2523,179062,2367,142164,2570,158962,2531,199504,2660,184717,2670,172345,2522,199422,2817,177312,2681,202393,2880,160611,2456,164438,2476,185648,2794,180584,2587,
2026-09-14,05:21:26.115,999,190169,2758,183277,2611,185153,2623,197227,2610,160031,2822,182083,2858,220554,2942,202941,2934,186436,2763,206664,2965,198400,3005,212344,3022,172200,2633,176868,2664,198799,2994,201686,2892,
2026-09-14,05:21:27.114,999,197079,2817,193041,2718,190637,2750,200412,2693,157435,2793,187145,2941,217978,2909,203278,2937,189586,2781,215735,3042,195725,3006,216326,3081,179524,2745,176909,2668,194611,2935,198231,2843,
2026-09-14,05:21:28.114,999,215628,3088,208409,2940,206405,2989,216599,2922,175823,3047,201080,3111,232639,3098,216580,3122,204015,2987,232077,3285,209579,3226,227918,3244,193517,2954,201378,3035,217106,3262,218836,3126,
2026-09-14,05:21:29.115,1000,187841,2673,177893,2497,178289,2530,186487,2469,149654,2690,167891,2679,197745,2644,188484,2723,184493,2694,207330,2916,179858,2729,203489,2900,165175,2532,170415,2572,184748,2787,188978,2707,
2026-09-14,05:21:30.115,999,188799,2689,180174,2522,182932,2593,184305,2446,150035,2661,172350,2710,204895,2726,185688,2678,181295,2653,208095,2932,184593,2793,200141,2843,162955,2490,168537,2538,183402,2760,188005,2702,
2026-09-14,05:21:31.114,999,178080,2576,174361,2469,180410,2555,184568,2444,150015,2681,168317,2659,199467,2658,182286,2628,174212,2571,201019,2872,185417,2808,195450,2782,166907,2548,170578,2570,179159,2701,189406,2710,
2026-09-14,05:21:32.114,999,185303,2654,180652,2549,177985,2527,181239,2402,143729,2574,167255,2656,197893,2641,186263,2685,170323,2500,196982,2786,187628,2841,191320,2723,164414,2517,171478,2590,183798,2771,185918,2668,
2026-09-14,05:21:33.115,1000,176936,2534,172030,2426,171003,2426,176166,2334,141439,2529,162545,2582,189288,2525,179268,2589,162869,2402,193940,2760,177180,2688,184775,2634,154970,2376,161011,2432,172762,2611,185144,2658,
2026-09-14,05:21:34.115,999,160029,2274,164001,2300,167840,2380,166682,2208,139252,2515,157468,2524,183124,2443,174168,2516,159401,2329,192353,2708,170619,2583,182915,2604,147820,2263,154402,2337,172671,2606,173507,2486,
2026-09-14,05:21:35.114,999,197949,2839,200609,2833,195792,2774,213730,2832,167634,2950,187962,2939,217690,2905,205692,2967,187705,2771,218061,3107,201579,3047,216544,3080,179131,2740,190536,2877,201666,3037,208697,3008,
2026-09-14,05:21:36.114,999,578539,8075,587241,8088,580163,8152,611262,8027,450970,8195,511057,8241,606605,8092,585960,8439,561948,8130,598362,8314,563806,8436,596736,8455,531972,8098,543461,8174,556229,8306,575887,8197,
2026-09-14,05:21:37.115,1000,375577,5410,370272,5238,371129,5298,396825,5285,312057,5439,350491,5450,414517,5584,388351,5600,356674,5270,398076,5661,364010,5552,381180,5471,346294,5343,353802,5392,369139,5551,379039,5418,
2026-09-14,05:21:38.115,999,572142,8037,576590,7982,569411,8021,602403,7920,449089,8054,519321,8282,604227,8109,576152,8301,561101,8179,602651,8432,570520,8550,593292,8432,520516,7953,541949,8187,567953,8485,575151,8194,
2026-09-14,05:21:39.115,999,281878,3995,268515,3749,273426,3860,282552,3729,222279,4054,250251,4045,300094,4003,286245,4124,267238,3896,297045,4160,276071,4177,298332,4247,248506,3801,261478,3948,274625,4137,281338,4021,
2026-09-14,05:21:40.114,999,182246,2608,183973,2581,186041,2638,188291,2493,151435,2713,173288,2757,206110,2760,199164,2875,180798,2656,201789,2855,188257,2853,200587,2865,165701,2541,172907,2620,191900,2895,185411,2659,
2026-09-14,05:21:41.115,1000,194993,2765,186913,2603,182996,2594,189236,2508,156019,2752,176695,2783,203239,2711,197595,2851,184566,2686,206739,2906,193149,2929,204550,2906,171921,2621,175364,2638,193667,2915,199426,2889,
2026-09-14,05:21:42.115,999,179127,2551,172482,2418,171258,2427,180161,2388,146483,2610,161338,2547,190227,2569,194774,2809,176375,2587,197682,2788,180640,2736,192475,2772,158703,2454,160792,2474,182065,2744,183429,2634,
2026-09-14,05:21:43.115,999,196337,2775,197402,2745,188053,2728,196052,2660,165204,2874,183756,2846,213478,2861,212607,3060,191741,2794,216639,3038,195341,3007,212552,3033,180312,2768,180910,2751,198780,2985,202294,2888,
2026-09-14,05:21:44.114,999,197105,2801,195543,2739,192057,2740,198806,2649,159874,2873,177617,2823,208483,2787,208981,3019,192072,2806,214521,3019,193062,2941,210905,3009,175695,2694,187247,2839,203012,3063,209670,3004,
2026-09-14,05:21:45.115,1000,158352,2256,161396,2256,154030,2186,167306,2223,130714,2353,149051,2377,174137,2323,170905,2463,161673,2365,192886,2714,165345,2503,175698,2502,147054,2249,160744,2428,168160,2534,177863,2550,
2026-09-14,05:21:46.115,999,189681,2704,186914,2619,184517,2619,200982,2667,153466,2713,177882,2778,205273,2734,199700,2880,187493,2750,216079,3043,189352,2864,202686,2881,172547,2635,179414,2704,194066,2924,194531,2810,
2026-09-14,05:21:47.115,999,225220,3194,211887,2960,211846,3046,221753,2995,178364,3136,201942,3160,239198,3211,231017,3328,215887,3156,242140,3409,222547,3406,239328,3418,197389,3038,208720,3176,222352,3350,224986,3212,
2026-09-14,05:21:48.114,999,164201,2335,159927,2240,160638,2286,170138,2264,132182,2384,154317,2468,184003,2461,173700,2505,159346,2334,182344,2564,163872,2489,185605,2647,149819,2295,160204,2420,175386,2649,171017,2452,
2026-09-14,05:21:49.115,1000,167883,2384,161166,2251,168232,2386,169500,2250,138672,2488,156749,2492,188142,2530,176920,2555,167531,2456,192227,2703,171108,2597,189393,2715,153732,2371,162113,2465,177932,2689,182140,2609,
2026-09-14,05:21:50.115,999,167387,2383,167148,2334,166267,2364,165441,2200,135986,2466,151481,2432,186379,2491,173450,2502,161732,2365,181339,2553,166748,2534,188427,2688,151595,2325,164763,2495,175867,2649,176354,2518,
2026-09-14,05:21:51.115,999,177079,2518,177055,2472,175016,2485,182350,2425,145942,2597,167272,2648,197870,2665,181967,2629,175032,2562,202449,2847,178683,2717,198797,2853,164895,2549,168784,2576,188492,2846,184659,2641,
2026-09-14,05:21:52.114,999,210143,2995,213642,2988,204739,2904,217427,2888,166777,2944,192883,3028,231288,3106,216866,3128,205555,3013,233797,3292,208182,3151,235646,3369,197162,3029,202795,3085,218459,3293,215861,3105,
2026-09-14,05:21:53.115,1000,181384,2583,174248,2441,177179,2511,177808,2361,143022,2558,167647,2661,201969,2724,184964,2671,172348,2523,201218,2833,176970,2679,194066,2781,164372,2531,168689,2570,189859,2861,186396,2672,
2026-09-14,05:21:54.115,999,174400,2476,171632,2399,181799,2582,174060,2318,143566,2575,159946,2550,197595,2649,181851,2629,170570,2486,192369,2700,174162,2643,198767,2836,161294,2471,163915,2486,181133,2733,185300,2652,
2026-09-14,05:21:55.115,999,178995,2571,172018,2422,172898,2455,172296,2290,145321,2586,164051,2591,196856,2648,184412,2664,173098,2545,189462,2690,174351,2644,198320,2840,158725,2443,163280,2486,186534,2812,185537,2657,
2026-09-14,05:21:56.115,999,206365,2947,209764,2934,207355,2933,208637,2768,163611,2954,183505,2934,221114,2954,209275,3024,193696,2835,221133,3111,203915,3089,223043,3183,183776,2815,189744,2875,209434,3156,210887,3017,
Cleaning up
 Closed perf event handles
 Zeroed uncore PMU registers
 Freeing up all RMIDs
