Linux 5.15.0-187-generic (node0.katieyan-315918.ldos-ut-pg0.wisc.cloudlab.us) 	09/14/26 	_x86_64_	(32 CPU)

04:09:40        CPU     %user     %nice   %system   %iowait    %steal     %idle
04:09:41        all      3.35      0.00      1.35      0.00      0.00     95.30
04:09:41          0      0.00      0.00      0.00      0.00      0.00    100.00
04:09:41          1      0.00      0.00      0.00      0.00      0.00    100.00
04:09:41          2      0.00      0.00      0.00      0.00      0.00    100.00
04:09:41          3      0.00      0.00      0.00      0.00      0.00    100.00
04:09:41          4     80.00      0.00     19.00      0.00      0.00      1.00
04:09:41          5     21.28      0.00     25.53      0.00      0.00     53.19
04:09:41          6      0.00      0.00      0.00      0.00      0.00    100.00
04:09:41          7      0.00      0.00      0.00      0.00      0.00    100.00
04:09:41          8      0.00      0.00      0.00      0.00      0.00    100.00
04:09:41          9      0.00      0.00      0.00      0.00      0.00    100.00
04:09:41         10      0.00      0.00      0.00      0.00      0.00    100.00
04:09:41         11      0.00      0.00      0.00      0.00      0.00    100.00
04:09:41         12      0.00      0.00      0.00      0.00      0.00    100.00
04:09:41         13      0.00      0.00      0.00      0.00      0.00    100.00
04:09:41         14      0.00      0.00      0.00      0.00      0.00    100.00
04:09:41         15      0.00      0.00      0.00      0.00      0.00    100.00
04:09:41         16      1.00      0.00      0.00      0.00      0.00     99.00
04:09:41         17      0.00      0.00      0.00      0.00      0.00    100.00
04:09:41         18      0.00      0.00      0.00      0.00      0.00    100.00
04:09:41         19      0.00      0.00      0.00      0.00      0.00    100.00
04:09:41         20      0.00      0.00      0.00      0.00      0.00    100.00
04:09:41         21      0.00      0.00      0.00      0.00      0.00    100.00
04:09:41         22      0.00      0.00      0.00      0.00      0.00    100.00
04:09:41         23      0.00      0.00      0.00      0.00      0.00    100.00
04:09:41         24      2.00      0.00      0.00      0.00      0.00     98.00
04:09:41         25      2.02      0.00      0.00      0.00      0.00     97.98
04:09:41         26      0.99      0.00      0.00      0.00      0.00     99.01
04:09:41         27      0.00      0.00      0.00      0.00      0.00    100.00
04:09:41         28      0.00      0.00      0.00      0.00      0.00    100.00
04:09:41         29      0.99      0.00      0.00      0.00      0.00     99.01
04:09:41         30      0.00      0.00      0.00      0.00      0.00    100.00
04:09:41         31      0.00      0.00      0.00      0.00      0.00    100.00

04:09:41        CPU     %user     %nice   %system   %iowait    %steal     %idle
04:09:42        all      3.16      0.00      1.41      0.00      0.00     95.43
04:09:42          0      0.00      0.00      0.00      0.00      0.00    100.00
04:09:42          1      0.00      0.00      0.00      0.00      0.00    100.00
04:09:42          2      1.00      0.00      0.00      0.00      0.00     99.00
04:09:42          3      0.00      0.00      0.00      0.00      0.00    100.00
04:09:42          4     83.17      0.00     16.83      0.00      0.00      0.00
04:09:42          5     16.13      0.00     30.11      0.00      0.00     53.76
04:09:42          6      0.00      0.00      0.00      0.00      0.00    100.00
04:09:42          7      0.00      0.00      0.00      0.00      0.00    100.00
04:09:42          8      0.00      0.00      0.00      0.00      0.00    100.00
04:09:42          9      0.00      0.00      0.00      0.00      0.00    100.00
04:09:42         10      0.00      0.00      0.00      0.00      0.00    100.00
04:09:42         11      0.00      0.00      0.00      0.00      0.00    100.00
04:09:42         12      0.00      0.00      0.00      0.00      0.00    100.00
04:09:42         13      0.00      0.00      0.00      0.00      0.00    100.00
04:09:42         14      0.00      0.00      0.00      0.00      0.00    100.00
04:09:42         15      0.00      0.00      0.00      0.00      0.00    100.00
04:09:42         16      1.01      0.00      0.00      0.00      0.00     98.99
04:09:42         17      0.00      0.00      0.00      0.00      0.00    100.00
04:09:42         18      0.00      0.00      0.00      0.00      0.00    100.00
04:09:42         19      0.00      0.00      0.00      0.00      0.00    100.00
04:09:42         20      0.00      0.00      0.00      0.00      0.00    100.00
04:09:42         21      0.00      0.00      0.00      0.00      0.00    100.00
04:09:42         22      0.00      0.00      0.00      0.00      0.00    100.00
04:09:42         23      0.00      0.00      0.00      0.00      0.00    100.00
04:09:42         24      0.00      0.00      0.00      0.00      0.00    100.00
04:09:42         25      0.00      0.00      0.00      0.00      0.00    100.00
04:09:42         26      0.00      0.00      0.00      0.00      0.00    100.00
04:09:42         27      0.00      0.00      0.00      0.00      0.00    100.00
04:09:42         28      0.00      0.00      0.00      0.00      0.00    100.00
04:09:42         29      0.00      0.00      0.00      0.00      0.00    100.00
04:09:42         30      0.00      0.00      0.00      0.00      0.00    100.00
04:09:42         31      0.00      0.00      0.00      0.00      0.00    100.00

04:09:42        CPU     %user     %nice   %system   %iowait    %steal     %idle
04:09:43        all      3.29      0.00      1.25      0.00      0.00     95.46
04:09:43          0      0.00      0.00      0.00      0.00      0.00    100.00
04:09:43          1      0.00      0.00      0.00      0.00      0.00    100.00
04:09:43          2      0.00      0.00      0.00      0.00      0.00    100.00
04:09:43          3      0.00      0.00      0.00      0.00      0.00    100.00
04:09:43          4     86.00      0.00     13.00      0.00      0.00      1.00
04:09:43          5     18.09      0.00     28.72      0.00      0.00     53.19
04:09:43          6      0.00      0.00      0.00      0.00      0.00    100.00
04:09:43          7      0.00      0.00      0.00      0.00      0.00    100.00
04:09:43          8      0.00      0.00      0.00      0.00      0.00    100.00
04:09:43          9      0.00      0.00      0.00      0.00      0.00    100.00
04:09:43         10      0.00      0.00      0.00      0.00      0.00    100.00
04:09:43         11      0.00      0.00      0.00      0.00      0.00    100.00
04:09:43         12      0.00      0.00      0.00      0.00      0.00    100.00
04:09:43         13      0.00      0.00      0.00      0.00      0.00    100.00
04:09:43         14      0.00      0.00      0.00      0.00      0.00    100.00
04:09:43         15      0.00      0.00      0.00      0.00      0.00    100.00
04:09:43         16      1.98      0.00      0.00      0.00      0.00     98.02
04:09:43         17      0.00      0.00      0.00      0.00      0.00    100.00
04:09:43         18      0.00      0.00      0.00      0.00      0.00    100.00
04:09:43         19      0.00      0.00      0.00      0.00      0.00    100.00
04:09:43         20      0.00      0.00      0.00      0.00      0.00    100.00
04:09:43         21      0.00      0.00      0.00      0.00      0.00    100.00
04:09:43         22      0.00      0.00      0.00      0.00      0.00    100.00
04:09:43         23      0.00      0.00      0.00      0.00      0.00    100.00
04:09:43         24      0.00      0.00      0.00      0.00      0.00    100.00
04:09:43         25      0.00      0.00      0.00      0.00      0.00    100.00
04:09:43         26      0.00      0.00      0.00      0.00      0.00    100.00
04:09:43         27      0.00      0.00      0.00      0.00      0.00    100.00
04:09:43         28      0.00      0.00      0.00      0.00      0.00    100.00
04:09:43         29      0.00      0.00      0.00      0.00      0.00    100.00
04:09:43         30      0.00      0.00      0.00      0.00      0.00    100.00
04:09:43         31      0.00      0.00      0.00      0.00      0.00    100.00

04:09:43        CPU     %user     %nice   %system   %iowait    %steal     %idle
04:09:44        all      3.29      0.00      1.28      0.00      0.00     95.43
04:09:44          0      0.00      0.00      0.00      0.00      0.00    100.00
04:09:44          1      0.00      0.00      0.00      0.00      0.00    100.00
04:09:44          2      0.00      0.00      0.00      0.00      0.00    100.00
04:09:44          3      0.00      0.00      0.00      0.00      0.00    100.00
04:09:44          4     84.16      0.00     14.85      0.00      0.00      0.99
04:09:44          5     20.21      0.00     27.66      0.00      0.00     52.13
04:09:44          6      0.00      0.00      0.00      0.00      0.00    100.00
04:09:44          7      0.00      0.00      0.00      0.00      0.00    100.00
04:09:44          8      0.00      0.00      0.00      0.00      0.00    100.00
04:09:44          9      0.00      0.00      0.00      0.00      0.00    100.00
04:09:44         10      0.00      0.00      0.00      0.00      0.00    100.00
04:09:44         11      0.00      0.00      0.00      0.00      0.00    100.00
04:09:44         12      0.00      0.00      0.00      0.00      0.00    100.00
04:09:44         13      0.00      0.00      0.00      0.00      0.00    100.00
04:09:44         14      0.00      0.00      0.00      0.00      0.00    100.00
04:09:44         15      0.00      0.00      0.00      0.00      0.00    100.00
04:09:44         16      1.01      0.00      0.00      0.00      0.00     98.99
04:09:44         17      0.00      0.00      0.00      0.00      0.00    100.00
04:09:44         18      0.00      0.00      0.00      0.00      0.00    100.00
04:09:44         19      0.00      0.00      0.00      0.00      0.00    100.00
04:09:44         20      0.00      0.00      0.00      0.00      0.00    100.00
04:09:44         21      0.00      0.00      0.00      0.00      0.00    100.00
04:09:44         22      0.00      0.00      0.00      0.00      0.00    100.00
04:09:44         23      0.00      0.00      0.00      0.00      0.00    100.00
04:09:44         24      0.00      0.00      0.00      0.00      0.00    100.00
04:09:44         25      0.00      0.00      0.00      0.00      0.00    100.00
04:09:44         26      0.00      0.00      0.00      0.00      0.00    100.00
04:09:44         27      0.00      0.00      0.00      0.00      0.00    100.00
04:09:44         28      0.00      0.00      0.00      0.00      0.00    100.00
04:09:44         29      0.00      0.00      0.00      0.00      0.00    100.00
04:09:44         30      0.00      0.00      0.00      0.00      0.00    100.00
04:09:44         31      0.00      0.00      0.00      0.00      0.00    100.00

04:09:44        CPU     %user     %nice   %system   %iowait    %steal     %idle
04:09:45        all      4.14      0.00      1.94      0.00      0.00     93.92
04:09:45          0      0.00      0.00      1.00      0.00      0.00     99.00
04:09:45          1      0.00      0.00      0.00      0.00      0.00    100.00
04:09:45          2      0.00      0.00      0.00      0.00      0.00    100.00
04:09:45          3      0.00      0.00      1.00      0.00      0.00     99.00
04:09:45          4     85.29      0.00     13.73      0.00      0.00      0.98
04:09:45          5     17.58      0.00     26.37      0.00      0.00     56.04
04:09:45          6      0.00      0.00      0.99      0.00      0.00     99.01
04:09:45          7      0.00      0.00      0.00      0.00      0.00    100.00
04:09:45          8      0.00      0.00      0.99      0.00      0.00     99.01
04:09:45          9      0.00      0.00      0.00      0.00      0.00    100.00
04:09:45         10      0.00      0.00      0.00      0.00      0.00    100.00
04:09:45         11      0.00      0.00      1.00      0.00      0.00     99.00
04:09:45         12      0.00      0.00      0.00      0.00      0.00    100.00
04:09:45         13      0.00      0.00      0.00      0.00      0.00    100.00
04:09:45         14      0.00      0.00      1.00      0.00      0.00     99.00
04:09:45         15      0.00      0.00      0.00      0.00      0.00    100.00
04:09:45         16      2.00      0.00      0.00      0.00      0.00     98.00
04:09:45         17      0.00      0.00      0.00      0.00      0.00    100.00
04:09:45         18      0.00      0.00      0.00      0.00      0.00    100.00
04:09:45         19      0.00      0.00      0.00      0.00      0.00    100.00
04:09:45         20      1.00      0.00      0.00      0.00      0.00     99.00
04:09:45         21      0.00      0.00      0.99      0.00      0.00     99.01
04:09:45         22      0.00      0.00      0.00      0.00      0.00    100.00
04:09:45         23      0.00      0.00      0.00      0.00      0.00    100.00
04:09:45         24      0.00      0.00      0.00      0.00      0.00    100.00
04:09:45         25      0.00      0.00      0.00      0.00      0.00    100.00
04:09:45         26      0.00      0.00      0.00      0.00      0.00    100.00
04:09:45         27      0.00      0.00      0.00      0.00      0.00    100.00
04:09:45         28      0.00      0.00      0.00      0.00      0.00    100.00
04:09:45         29      0.00      0.00      0.00      0.00      0.00    100.00
04:09:45         30      0.00      0.00      0.00      0.00      0.00    100.00
04:09:45         31     26.53      0.00     17.35      0.00      0.00     56.12

04:09:45        CPU     %user     %nice   %system   %iowait    %steal     %idle
04:09:46        all      3.20      0.00      1.25      0.00      0.00     95.55
04:09:46          0      0.00      0.00      0.00      0.00      0.00    100.00
04:09:46          1      0.00      0.00      0.00      0.00      0.00    100.00
04:09:46          2      0.00      0.00      0.00      0.00      0.00    100.00
04:09:46          3      0.00      0.00      0.00      0.00      0.00    100.00
04:09:46          4     84.00      0.00     16.00      0.00      0.00      0.00
04:09:46          5     17.05      0.00     27.27      0.00      0.00     55.68
04:09:46          6      0.00      0.00      0.00      0.00      0.00    100.00
04:09:46          7      0.00      0.00      0.00      0.00      0.00    100.00
04:09:46          8      0.00      0.00      0.00      0.00      0.00    100.00
04:09:46          9      0.00      0.00      0.00      0.00      0.00    100.00
04:09:46         10      0.99      0.00      0.00      0.00      0.00     99.01
04:09:46         11      0.00      0.00      0.00      0.00      0.00    100.00
04:09:46         12      0.00      0.00      0.00      0.00      0.00    100.00
04:09:46         13      0.00      0.00      0.00      0.00      0.00    100.00
04:09:46         14      0.00      0.00      0.00      0.00      0.00    100.00
04:09:46         15      0.00      0.00      0.00      0.00      0.00    100.00
04:09:46         16      1.98      0.00      0.00      0.00      0.00     98.02
04:09:46         17      0.00      0.00      0.00      0.00      0.00    100.00
04:09:46         18      0.00      0.00      0.00      0.00      0.00    100.00
04:09:46         19      0.00      0.00      0.00      0.00      0.00    100.00
04:09:46         20      0.00      0.00      0.00      0.00      0.00    100.00
04:09:46         21      0.00      0.00      0.00      0.00      0.00    100.00
04:09:46         22      0.00      0.00      0.00      0.00      0.00    100.00
04:09:46         23      0.00      0.00      0.00      0.00      0.00    100.00
04:09:46         24      0.00      0.00      0.00      0.00      0.00    100.00
04:09:46         25      0.00      0.00      0.00      0.00      0.00    100.00
04:09:46         26      0.00      0.00      0.00      0.00      0.00    100.00
04:09:46         27      0.00      0.00      0.00      0.00      0.00    100.00
04:09:46         28      0.00      0.00      0.00      0.00      0.00    100.00
04:09:46         29      0.00      0.00      0.00      0.00      0.00    100.00
04:09:46         30      0.00      0.00      0.00      0.00      0.00    100.00
04:09:46         31      0.00      0.00      0.00      0.00      0.00    100.00

04:09:46        CPU     %user     %nice   %system   %iowait    %steal     %idle
04:09:47        all      3.20      0.00      1.32      0.00      0.00     95.49
04:09:47          0      0.00      0.00      0.00      0.00      0.00    100.00
04:09:47          1      0.00      0.00      0.00      0.00      0.00    100.00
04:09:47          2      0.00      0.00      0.00      0.00      0.00    100.00
04:09:47          3      0.00      0.00      0.00      0.00      0.00    100.00
04:09:47          4     83.00      0.00     16.00      0.00      0.00      1.00
04:09:47          5     18.68      0.00     27.47      0.00      0.00     53.85
04:09:47          6      0.00      0.00      0.00      0.00      0.00    100.00
04:09:47          7      0.00      0.00      0.00      0.00      0.00    100.00
04:09:47          8      0.00      0.00      0.00      0.00      0.00    100.00
04:09:47          9      0.00      0.00      0.00      0.00      0.00    100.00
04:09:47         10      0.00      0.00      0.00      0.00      0.00    100.00
04:09:47         11      0.00      0.00      0.00      0.00      0.00    100.00
04:09:47         12      0.00      0.00      0.00      0.00      0.00    100.00
04:09:47         13      0.00      0.00      0.00      0.00      0.00    100.00
04:09:47         14      0.00      0.00      0.00      0.00      0.00    100.00
04:09:47         15      0.00      0.00      0.99      0.00      0.00     99.01
04:09:47         16      2.00      0.00      0.00      0.00      0.00     98.00
04:09:47         17      0.00      0.00      0.00      0.00      0.00    100.00
04:09:47         18      0.00      0.00      0.00      0.00      0.00    100.00
04:09:47         19      0.00      0.00      0.00      0.00      0.00    100.00
04:09:47         20      0.00      0.00      0.00      0.00      0.00    100.00
04:09:47         21      0.00      0.00      0.00      0.00      0.00    100.00
04:09:47         22      0.00      0.00      0.00      0.00      0.00    100.00
04:09:47         23      0.00      0.00      0.00      0.00      0.00    100.00
04:09:47         24      0.00      0.00      0.00      0.00      0.00    100.00
04:09:47         25      0.00      0.00      0.00      0.00      0.00    100.00
04:09:47         26      0.00      0.00      0.00      0.00      0.00    100.00
04:09:47         27      0.00      0.00      0.00      0.00      0.00    100.00
04:09:47         28      0.00      0.00      0.00      0.00      0.00    100.00
04:09:47         29      0.00      0.00      0.00      0.00      0.00    100.00
04:09:47         30      0.00      0.00      0.00      0.00      0.00    100.00
04:09:47         31      0.00      0.00      0.00      0.00      0.00    100.00

04:09:47        CPU     %user     %nice   %system   %iowait    %steal     %idle
04:09:48        all      3.23      0.00      1.28      0.00      0.00     95.49
04:09:48          0      0.00      0.00      0.00      0.00      0.00    100.00
04:09:48          1      0.00      0.00      0.00      0.00      0.00    100.00
04:09:48          2      0.00      0.00      0.00      0.00      0.00    100.00
04:09:48          3      0.00      0.00      0.00      0.00      0.00    100.00
04:09:48          4     83.17      0.00     15.84      0.00      0.00      0.99
04:09:48          5     19.35      0.00     26.88      0.00      0.00     53.76
04:09:48          6      0.00      0.00      0.00      0.00      0.00    100.00
04:09:48          7      0.00      0.00      0.00      0.00      0.00    100.00
04:09:48          8      0.00      0.00      0.00      0.00      0.00    100.00
04:09:48          9      0.00      0.00      0.00      0.00      0.00    100.00
04:09:48         10      0.00      0.00      0.00      0.00      0.00    100.00
04:09:48         11      0.00      0.00      0.00      0.00      0.00    100.00
04:09:48         12      0.00      0.00      0.00      0.00      0.00    100.00
04:09:48         13      0.00      0.00      0.00      0.00      0.00    100.00
04:09:48         14      0.00      0.00      0.00      0.00      0.00    100.00
04:09:48         15      0.00      0.00      0.00      0.00      0.00    100.00
04:09:48         16      1.01      0.00      0.00      0.00      0.00     98.99
04:09:48         17      0.00      0.00      0.00      0.00      0.00    100.00
04:09:48         18      0.00      0.00      0.00      0.00      0.00    100.00
04:09:48         19      0.00      0.00      0.00      0.00      0.00    100.00
04:09:48         20      0.00      0.00      0.00      0.00      0.00    100.00
04:09:48         21      0.00      0.00      0.00      0.00      0.00    100.00
04:09:48         22      0.00      0.00      0.00      0.00      0.00    100.00
04:09:48         23      0.00      0.00      0.00      0.00      0.00    100.00
04:09:48         24      0.00      0.00      0.00      0.00      0.00    100.00
04:09:48         25      0.00      0.00      0.00      0.00      0.00    100.00
04:09:48         26      0.00      0.00      0.00      0.00      0.00    100.00
04:09:48         27      0.00      0.00      0.00      0.00      0.00    100.00
04:09:48         28      0.00      0.00      0.00      0.00      0.00    100.00
04:09:48         29      0.00      0.00      0.00      0.00      0.00    100.00
04:09:48         30      0.00      0.00      0.00      0.00      0.00    100.00
04:09:48         31      0.00      0.00      0.00      0.00      0.00    100.00

04:09:48        CPU     %user     %nice   %system   %iowait    %steal     %idle
04:09:49        all      3.29      0.00      1.19      0.00      0.00     95.52
04:09:49          0      0.00      0.00      0.99      0.00      0.00     99.01
04:09:49          1      0.00      0.00      0.00      0.00      0.00    100.00
04:09:49          2      0.00      0.00      0.00      0.00      0.00    100.00
04:09:49          3      0.00      0.00      0.00      0.00      0.00    100.00
04:09:49          4     85.29      0.00     13.73      0.00      0.00      0.98
04:09:49          5     18.39      0.00     25.29      0.00      0.00     56.32
04:09:49          6      0.00      0.00      0.00      0.00      0.00    100.00
04:09:49          7      0.00      0.00      0.00      0.00      0.00    100.00
04:09:49          8      0.00      0.00      0.00      0.00      0.00    100.00
04:09:49          9      0.00      0.00      0.00      0.00      0.00    100.00
04:09:49         10      0.00      0.00      0.00      0.00      0.00    100.00
04:09:49         11      0.00      0.00      0.00      0.00      0.00    100.00
04:09:49         12      0.00      0.00      0.00      0.00      0.00    100.00
04:09:49         13      0.00      0.00      0.99      0.00      0.00     99.01
04:09:49         14      0.00      0.00      0.00      0.00      0.00    100.00
04:09:49         15      0.00      0.00      0.00      0.00      0.00    100.00
04:09:49         16      1.98      0.00      0.00      0.00      0.00     98.02
04:09:49         17      0.00      0.00      0.00      0.00      0.00    100.00
04:09:49         18      0.00      0.00      0.00      0.00      0.00    100.00
04:09:49         19      0.00      0.00      0.00      0.00      0.00    100.00
04:09:49         20      0.00      0.00      0.00      0.00      0.00    100.00
04:09:49         21      0.00      0.00      0.00      0.00      0.00    100.00
04:09:49         22      0.00      0.00      0.00      0.00      0.00    100.00
04:09:49         23      0.00      0.00      0.00      0.00      0.00    100.00
04:09:49         24      0.00      0.00      0.00      0.00      0.00    100.00
04:09:49         25      0.00      0.00      0.00      0.00      0.00    100.00
04:09:49         26      0.00      0.00      0.00      0.00      0.00    100.00
04:09:49         27      0.00      0.00      0.00      0.00      0.00    100.00
04:09:49         28      0.00      0.00      0.00      0.00      0.00    100.00
04:09:49         29      0.00      0.00      0.00      0.00      0.00    100.00
04:09:49         30      0.00      0.00      0.00      0.00      0.00    100.00
04:09:49         31      0.00      0.00      0.00      0.00      0.00    100.00

04:09:49        CPU     %user     %nice   %system   %iowait    %steal     %idle
04:09:50        all      3.92      0.00      2.07      0.00      0.00     94.01
04:09:50          0      0.00      0.00      0.00      0.00      0.00    100.00
04:09:50          1      0.00      0.00      0.00      0.00      0.00    100.00
04:09:50          2      0.00      0.00      1.00      0.00      0.00     99.00
04:09:50          3      0.00      0.00      0.00      0.00      0.00    100.00
04:09:50          4     84.00      0.00     16.00      0.00      0.00      0.00
04:09:50          5     13.98      0.00     32.26      0.00      0.00     53.76
04:09:50          6      0.00      0.00      0.00      0.00      0.00    100.00
04:09:50          7      0.00      0.00      0.00      0.00      0.00    100.00
04:09:50          8      0.00      0.00      0.00      0.00      0.00    100.00
04:09:50          9      0.00      0.00      0.00      0.00      0.00    100.00
04:09:50         10      0.00      0.00      0.00      0.00      0.00    100.00
04:09:50         11      0.00      0.00      0.00      0.00      0.00    100.00
04:09:50         12      0.00      0.00      0.00      0.00      0.00    100.00
04:09:50         13      0.00      0.00      0.00      0.00      0.00    100.00
04:09:50         14      0.00      0.00      0.00      0.00      0.00    100.00
04:09:50         15      0.00      0.00      0.00      0.00      0.00    100.00
04:09:50         16      2.00      0.00      0.00      0.00      0.00     98.00
04:09:50         17      0.00      0.00      0.00      0.00      0.00    100.00
04:09:50         18      0.00      0.00      0.00      0.00      0.00    100.00
04:09:50         19      0.00      0.00      0.00      0.00      0.00    100.00
04:09:50         20      0.00      0.00      0.00      0.00      0.00    100.00
04:09:50         21      0.00      0.00      0.00      0.00      0.00    100.00
04:09:50         22      0.00      0.00      0.00      0.00      0.00    100.00
04:09:50         23      0.00      0.00      0.00      0.00      0.00    100.00
04:09:50         24      0.00      0.00      0.00      0.00      0.00    100.00
04:09:50         25      0.00      0.00      0.00      0.00      0.00    100.00
04:09:50         26      0.00      0.00      0.00      0.00      0.00    100.00
04:09:50         27      0.00      0.00      0.00      0.00      0.00    100.00
04:09:50         28      0.00      0.00      0.00      0.00      0.00    100.00
04:09:50         29      0.00      0.00      0.00      0.00      0.00    100.00
04:09:50         30      0.00      0.00      0.00      0.00      0.00    100.00
04:09:50         31     25.74      0.00     18.81      0.00      0.00     55.45

04:09:50        CPU     %user     %nice   %system   %iowait    %steal     %idle
04:09:51        all      3.20      0.00      1.29      0.00      0.00     95.52
04:09:51          0      0.00      0.00      0.00      0.00      0.00    100.00
04:09:51          1      0.00      0.00      0.00      0.00      0.00    100.00
04:09:51          2      0.00      0.00      0.00      0.00      0.00    100.00
04:09:51          3      0.00      0.00      0.00      0.00      0.00    100.00
04:09:51          4     85.15      0.00     13.86      0.00      0.00      0.99
04:09:51          5     16.48      0.00     29.67      0.00      0.00     53.85
04:09:51          6      0.00      0.00      0.00      0.00      0.00    100.00
04:09:51          7      0.00      0.00      0.00      0.00      0.00    100.00
04:09:51          8      0.00      0.00      0.00      0.00      0.00    100.00
04:09:51          9      0.00      0.00      0.00      0.00      0.00    100.00
04:09:51         10      0.00      0.00      0.00      0.00      0.00    100.00
04:09:51         11      0.00      0.00      0.00      0.00      0.00    100.00
04:09:51         12      0.00      0.00      0.00      0.00      0.00    100.00
04:09:51         13      0.00      0.00      0.00      0.00      0.00    100.00
04:09:51         14      0.00      0.00      0.00      0.00      0.00    100.00
04:09:51         15      0.00      0.00      0.00      0.00      0.00    100.00
04:09:51         16      1.00      0.00      0.00      0.00      0.00     99.00
04:09:51         17      0.00      0.00      0.00      0.00      0.00    100.00
04:09:51         18      0.00      0.00      0.00      0.00      0.00    100.00
04:09:51         19      0.00      0.00      0.00      0.00      0.00    100.00
04:09:51         20      0.00      0.00      0.00      0.00      0.00    100.00
04:09:51         21      0.00      0.00      0.00      0.00      0.00    100.00
04:09:51         22      0.00      0.00      0.00      0.00      0.00    100.00
04:09:51         23      0.00      0.00      0.00      0.00      0.00    100.00
04:09:51         24      0.00      0.00      0.00      0.00      0.00    100.00
04:09:51         25      0.00      0.00      0.00      0.00      0.00    100.00
04:09:51         26      0.00      0.00      0.00      0.00      0.00    100.00
04:09:51         27      0.00      0.00      0.00      0.00      0.00    100.00
04:09:51         28      0.00      0.00      0.00      0.00      0.00    100.00
04:09:51         29      0.00      0.00      0.00      0.00      0.00    100.00
04:09:51         30      0.00      0.00      0.00      0.00      0.00    100.00
04:09:51         31      0.00      0.00      0.00      0.00      0.00    100.00

04:09:51        CPU     %user     %nice   %system   %iowait    %steal     %idle
04:09:52        all      3.39      0.00      1.22      0.00      0.00     95.39
04:09:52          0      0.00      0.00      0.00      0.00      0.00    100.00
04:09:52          1      0.00      0.00      0.00      0.00      0.00    100.00
04:09:52          2      0.00      0.00      0.00      0.00      0.00    100.00
04:09:52          3      0.00      0.00      0.00      0.00      0.00    100.00
04:09:52          4     86.00      0.00     13.00      0.00      0.00      1.00
04:09:52          5     16.67      0.00     27.78      0.00      0.00     55.56
04:09:52          6      0.00      0.00      0.00      0.00      0.00    100.00
04:09:52          7      0.00      0.00      0.00      0.00      0.00    100.00
04:09:52          8      0.00      0.00      0.00      0.00      0.00    100.00
04:09:52          9      0.00      0.00      0.00      0.00      0.00    100.00
04:09:52         10      0.00      0.00      0.00      0.00      0.00    100.00
04:09:52         11      0.00      0.00      0.00      0.00      0.00    100.00
04:09:52         12      0.00      0.00      0.00      0.00      0.00    100.00
04:09:52         13      0.00      0.00      0.00      0.00      0.00    100.00
04:09:52         14      3.00      0.00      0.00      0.00      0.00     97.00
04:09:52         15      0.00      0.00      0.00      0.00      0.00    100.00
04:09:52         16      1.98      0.00      0.99      0.00      0.00     97.03
04:09:52         17      0.00      0.00      0.00      0.00      0.00    100.00
04:09:52         18      0.00      0.00      0.00      0.00      0.00    100.00
04:09:52         19      0.00      0.00      0.00      0.00      0.00    100.00
04:09:52         20      0.00      0.00      0.00      0.00      0.00    100.00
04:09:52         21      0.00      0.00      0.00      0.00      0.00    100.00
04:09:52         22      0.00      0.00      0.00      0.00      0.00    100.00
04:09:52         23      0.00      0.00      0.00      0.00      0.00    100.00
04:09:52         24      0.00      0.00      0.00      0.00      0.00    100.00
04:09:52         25      0.00      0.00      0.00      0.00      0.00    100.00
04:09:52         26      0.00      0.00      0.00      0.00      0.00    100.00
04:09:52         27      0.00      0.00      0.00      0.00      0.00    100.00
04:09:52         28      0.00      0.00      0.00      0.00      0.00    100.00
04:09:52         29      2.00      0.00      0.00      0.00      0.00     98.00
04:09:52         30      0.00      0.00      0.00      0.00      0.00    100.00
04:09:52         31      0.00      0.00      0.00      0.00      0.00    100.00

04:09:52        CPU     %user     %nice   %system   %iowait    %steal     %idle
04:09:53        all      3.19      0.00      1.44      0.00      0.00     95.37
04:09:53          0      0.00      0.00      0.99      0.00      0.00     99.01
04:09:53          1      0.00      0.00      0.00      0.00      0.00    100.00
04:09:53          2      0.00      0.00      0.00      0.00      0.00    100.00
04:09:53          3      0.00      0.00      0.00      0.00      0.00    100.00
04:09:53          4     86.14      0.00     12.87      0.00      0.00      0.99
04:09:53          5     14.58      0.00     33.33      0.00      0.00     52.08
04:09:53          6      0.00      0.00      0.00      0.00      0.00    100.00
04:09:53          7      0.00      0.00      0.00      0.00      0.00    100.00
04:09:53          8      0.00      0.00      0.00      0.00      0.00    100.00
04:09:53          9      0.00      0.00      0.00      0.00      0.00    100.00
04:09:53         10      0.00      0.00      0.00      0.00      0.00    100.00
04:09:53         11      0.00      0.00      0.00      0.00      0.00    100.00
04:09:53         12      0.00      0.00      0.00      0.00      0.00    100.00
04:09:53         13      0.00      0.00      0.00      0.00      0.00    100.00
04:09:53         14      0.00      0.00      0.00      0.00      0.00    100.00
04:09:53         15      0.00      0.00      0.00      0.00      0.00    100.00
04:09:53         16      1.01      0.00      0.00      0.00      0.00     98.99
04:09:53         17      0.00      0.00      0.00      0.00      0.00    100.00
04:09:53         18      0.00      0.00      0.00      0.00      0.00    100.00
04:09:53         19      0.00      0.00      0.00      0.00      0.00    100.00
04:09:53         20      0.00      0.00      0.00      0.00      0.00    100.00
04:09:53         21      0.00      0.00      0.00      0.00      0.00    100.00
04:09:53         22      0.00      0.00      0.00      0.00      0.00    100.00
04:09:53         23      0.00      0.00      0.00      0.00      0.00    100.00
04:09:53         24      0.00      0.00      0.00      0.00      0.00    100.00
04:09:53         25      0.00      0.00      0.00      0.00      0.00    100.00
04:09:53         26      0.00      0.00      0.00      0.00      0.00    100.00
04:09:53         27      0.00      0.00      0.00      0.00      0.00    100.00
04:09:53         28      0.00      0.00      0.00      0.00      0.00    100.00
04:09:53         29      0.00      0.00      0.00      0.00      0.00    100.00
04:09:53         30      0.00      0.00      0.00      0.00      0.00    100.00
04:09:53         31      0.00      0.00      0.00      0.00      0.00    100.00

04:09:53        CPU     %user     %nice   %system   %iowait    %steal     %idle
04:09:54        all      3.20      0.00      1.35      0.00      0.00     95.46
04:09:54          0      0.00      0.00      0.00      0.00      0.00    100.00
04:09:54          1      0.00      0.00      0.00      0.00      0.00    100.00
04:09:54          2      0.00      0.00      0.00      0.00      0.00    100.00
04:09:54          3      0.00      0.00      0.00      0.00      0.00    100.00
04:09:54          4     85.00      0.00     15.00      0.00      0.00      0.00
04:09:54          5     17.20      0.00     30.11      0.00      0.00     52.69
04:09:54          6      0.00      0.00      0.00      0.00      0.00    100.00
04:09:54          7      0.00      0.00      0.00      0.00      0.00    100.00
04:09:54          8      0.00      0.00      0.00      0.00      0.00    100.00
04:09:54          9      0.00      0.00      0.00      0.00      0.00    100.00
04:09:54         10      0.00      0.00      0.00      0.00      0.00    100.00
04:09:54         11      0.00      0.00      0.00      0.00      0.00    100.00
04:09:54         12      0.00      0.00      0.00      0.00      0.00    100.00
04:09:54         13      0.00      0.00      0.00      0.00      0.00    100.00
04:09:54         14      0.00      0.00      0.00      0.00      0.00    100.00
04:09:54         15      0.00      0.00      0.00      0.00      0.00    100.00
04:09:54         16      1.00      0.00      0.00      0.00      0.00     99.00
04:09:54         17      0.00      0.00      0.00      0.00      0.00    100.00
04:09:54         18      0.00      0.00      0.00      0.00      0.00    100.00
04:09:54         19      0.00      0.00      0.00      0.00      0.00    100.00
04:09:54         20      0.00      0.00      0.00      0.00      0.00    100.00
04:09:54         21      0.00      0.00      0.00      0.00      0.00    100.00
04:09:54         22      0.00      0.00      0.00      0.00      0.00    100.00
04:09:54         23      0.00      0.00      0.00      0.00      0.00    100.00
04:09:54         24      0.00      0.00      0.00      0.00      0.00    100.00
04:09:54         25      0.00      0.00      0.00      0.00      0.00    100.00
04:09:54         26      0.00      0.00      0.00      0.00      0.00    100.00
04:09:54         27      0.00      0.00      0.00      0.00      0.00    100.00
04:09:54         28      0.00      0.00      0.00      0.00      0.00    100.00
04:09:54         29      0.00      0.00      0.00      0.00      0.00    100.00
04:09:54         30      0.00      0.00      0.00      0.00      0.00    100.00
04:09:54         31      0.00      0.00      0.00      0.00      0.00    100.00

04:09:54        CPU     %user     %nice   %system   %iowait    %steal     %idle
04:09:55        all      4.07      0.00      2.10      0.00      0.00     93.84
04:09:55          0      0.00      0.00      0.00      0.00      0.00    100.00
04:09:55          1      0.00      0.00      0.00      0.00      0.00    100.00
04:09:55          2      0.00      0.00      0.00      0.00      0.00    100.00
04:09:55          3      0.00      0.00      0.00      0.00      0.00    100.00
04:09:55          4     83.17      0.00     15.84      0.00      0.00      0.99
04:09:55          5     20.20      0.00     28.28      0.00      0.00     51.52
04:09:55          6      0.00      0.00      0.00      0.00      0.00    100.00
04:09:55          7      0.00      0.00      0.00      0.00      0.00    100.00
04:09:55          8      0.00      0.00      0.00      0.00      0.00    100.00
04:09:55          9      0.00      0.00      0.00      0.00      0.00    100.00
04:09:55         10      0.00      0.00      0.00      0.00      0.00    100.00
04:09:55         11      0.00      0.00      0.00      0.00      0.00    100.00
04:09:55         12      0.00      0.00      0.00      0.00      0.00    100.00
04:09:55         13      0.00      0.00      0.00      0.00      0.00    100.00
04:09:55         14      0.00      0.00      1.00      0.00      0.00     99.00
04:09:55         15      0.00      0.00      1.00      0.00      0.00     99.00
04:09:55         16      2.00      0.00      0.00      0.00      0.00     98.00
04:09:55         17      0.00      0.00      0.00      0.00      0.00    100.00
04:09:55         18      0.00      0.00      0.00      0.00      0.00    100.00
04:09:55         19      0.00      0.00      0.00      0.00      0.00    100.00
04:09:55         20      0.00      0.00      0.00      0.00      0.00    100.00
04:09:55         21      0.00      0.00      0.00      0.00      0.00    100.00
04:09:55         22      0.00      0.00      0.00      0.00      0.00    100.00
04:09:55         23      0.00      0.00      0.00      0.00      0.00    100.00
04:09:55         24      0.00      0.00      0.00      0.00      0.00    100.00
04:09:55         25      0.00      0.00      0.00      0.00      0.00    100.00
04:09:55         26      0.00      0.00      0.00      0.00      0.00    100.00
04:09:55         27      0.00      0.00      0.00      0.00      0.00    100.00
04:09:55         28      0.00      0.00      0.00      0.00      0.00    100.00
04:09:55         29      0.00      0.00      0.00      0.00      0.00    100.00
04:09:55         30      0.00      0.00      0.00      0.00      0.00    100.00
04:09:55         31     23.76      0.00     20.79      0.00      0.00     55.45

04:09:55        CPU     %user     %nice   %system   %iowait    %steal     %idle
04:09:56        all      3.23      0.00      1.32      0.00      0.00     95.46
04:09:56          0      0.00      0.00      0.00      0.00      0.00    100.00
04:09:56          1      0.00      0.00      0.00      0.00      0.00    100.00
04:09:56          2      0.00      0.00      0.00      0.00      0.00    100.00
04:09:56          3      0.00      0.00      0.00      0.00      0.00    100.00
04:09:56          4     84.31      0.00     14.71      0.00      0.00      0.98
04:09:56          5     16.30      0.00     29.35      0.00      0.00     54.35
04:09:56          6      0.00      0.00      0.00      0.00      0.00    100.00
04:09:56          7      0.00      0.00      0.00      0.00      0.00    100.00
04:09:56          8      0.00      0.00      0.00      0.00      0.00    100.00
04:09:56          9      0.00      0.00      0.00      0.00      0.00    100.00
04:09:56         10      0.00      0.00      0.00      0.00      0.00    100.00
04:09:56         11      0.00      0.00      0.00      0.00      0.00    100.00
04:09:56         12      0.00      0.00      0.00      0.00      0.00    100.00
04:09:56         13      0.00      0.00      0.00      0.00      0.00    100.00
04:09:56         14      0.00      0.00      0.00      0.00      0.00    100.00
04:09:56         15      0.00      0.00      0.00      0.00      0.00    100.00
04:09:56         16      2.00      0.00      0.00      0.00      0.00     98.00
04:09:56         17      0.00      0.00      0.00      0.00      0.00    100.00
04:09:56         18      0.00      0.00      0.00      0.00      0.00    100.00
04:09:56         19      0.00      0.00      0.00      0.00      0.00    100.00
04:09:56         20      0.00      0.00      0.00      0.00      0.00    100.00
04:09:56         21      0.00      0.00      0.00      0.00      0.00    100.00
04:09:56         22      0.00      0.00      0.00      0.00      0.00    100.00
04:09:56         23      0.00      0.00      0.00      0.00      0.00    100.00
04:09:56         24      0.00      0.00      0.00      0.00      0.00    100.00
04:09:56         25      0.00      0.00      0.00      0.00      0.00    100.00
04:09:56         26      0.00      0.00      0.00      0.00      0.00    100.00
04:09:56         27      0.00      0.00      0.00      0.00      0.00    100.00
04:09:56         28      0.00      0.00      0.00      0.00      0.00    100.00
04:09:56         29      0.00      0.00      0.00      0.00      0.00    100.00
04:09:56         30      0.00      0.00      0.00      0.00      0.00    100.00
04:09:56         31      0.00      0.00      0.00      0.00      0.00    100.00

04:09:56        CPU     %user     %nice   %system   %iowait    %steal     %idle
04:09:57        all      3.19      0.00      1.38      0.00      0.00     95.43
04:09:57          0      0.00      0.00      0.00      0.00      0.00    100.00
04:09:57          1      0.00      0.00      0.00      0.00      0.00    100.00
04:09:57          2      0.00      0.00      0.00      0.00      0.00    100.00
04:09:57          3      0.00      0.00      0.00      0.00      0.00    100.00
04:09:57          4     82.18      0.00     16.83      0.00      0.00      0.99
04:09:57          5     18.28      0.00     29.03      0.00      0.00     52.69
04:09:57          6      0.00      0.00      0.00      0.00      0.00    100.00
04:09:57          7      0.00      0.00      0.00      0.00      0.00    100.00
04:09:57          8      0.00      0.00      0.00      0.00      0.00    100.00
04:09:57          9      0.00      0.00      0.00      0.00      0.00    100.00
04:09:57         10      0.00      0.00      0.00      0.00      0.00    100.00
04:09:57         11      0.00      0.00      0.00      0.00      0.00    100.00
04:09:57         12      0.00      0.00      0.00      0.00      0.00    100.00
04:09:57         13      0.00      0.00      0.00      0.00      0.00    100.00
04:09:57         14      0.00      0.00      0.00      0.00      0.00    100.00
04:09:57         15      0.00      0.00      0.00      0.00      0.00    100.00
04:09:57         16      1.98      0.00      0.00      0.00      0.00     98.02
04:09:57         17      0.00      0.00      0.00      0.00      0.00    100.00
04:09:57         18      0.00      0.00      0.00      0.00      0.00    100.00
04:09:57         19      0.00      0.00      0.00      0.00      0.00    100.00
04:09:57         20      0.00      0.00      0.00      0.00      0.00    100.00
04:09:57         21      0.00      0.00      0.00      0.00      0.00    100.00
04:09:57         22      0.00      0.00      0.00      0.00      0.00    100.00
04:09:57         23      0.00      0.00      0.00      0.00      0.00    100.00
04:09:57         24      0.00      0.00      0.00      0.00      0.00    100.00
04:09:57         25      0.00      0.00      0.00      0.00      0.00    100.00
04:09:57         26      0.00      0.00      0.00      0.00      0.00    100.00
04:09:57         27      0.00      0.00      0.00      0.00      0.00    100.00
04:09:57         28      0.00      0.00      0.00      0.00      0.00    100.00
04:09:57         29      0.00      0.00      0.00      0.00      0.00    100.00
04:09:57         30      0.00      0.00      0.00      0.00      0.00    100.00
04:09:57         31      0.00      0.00      0.00      0.00      0.00    100.00

04:09:57        CPU     %user     %nice   %system   %iowait    %steal     %idle
04:09:58        all      2.95      0.00      1.44      0.00      0.00     95.61
04:09:58          0      0.00      0.00      0.00      0.00      0.00    100.00
04:09:58          1      0.00      0.00      0.00      0.00      0.00    100.00
04:09:58          2      0.00      0.00      0.00      0.00      0.00    100.00
04:09:58          3      0.00      0.00      0.00      0.00      0.00    100.00
04:09:58          4     79.80      0.00     20.20      0.00      0.00      0.00
04:09:58          5     15.73      0.00     29.21      0.00      0.00     55.06
04:09:58          6      0.00      0.00      0.00      0.00      0.00    100.00
04:09:58          7      0.00      0.00      0.00      0.00      0.00    100.00
04:09:58          8      0.00      0.00      0.00      0.00      0.00    100.00
04:09:58          9      0.00      0.00      0.00      0.00      0.00    100.00
04:09:58         10      0.00      0.00      0.00      0.00      0.00    100.00
04:09:58         11      0.00      0.00      0.00      0.00      0.00    100.00
04:09:58         12      0.00      0.00      0.00      0.00      0.00    100.00
04:09:58         13      0.00      0.00      0.00      0.00      0.00    100.00
04:09:58         14      0.00      0.00      0.00      0.00      0.00    100.00
04:09:58         15      0.00      0.00      0.00      0.00      0.00    100.00
04:09:58         16      1.01      0.00      0.00      0.00      0.00     98.99
04:09:58         17      0.00      0.00      0.00      0.00      0.00    100.00
04:09:58         18      0.00      0.00      0.00      0.00      0.00    100.00
04:09:58         19      0.00      0.00      0.00      0.00      0.00    100.00
04:09:58         20      0.00      0.00      0.00      0.00      0.00    100.00
04:09:58         21      0.00      0.00      0.00      0.00      0.00    100.00
04:09:58         22      0.00      0.00      0.00      0.00      0.00    100.00
04:09:58         23      0.00      0.00      0.00      0.00      0.00    100.00
04:09:58         24      0.00      0.00      0.00      0.00      0.00    100.00
04:09:58         25      0.00      0.00      0.00      0.00      0.00    100.00
04:09:58         26      0.00      0.00      0.00      0.00      0.00    100.00
04:09:58         27      0.00      0.00      0.00      0.00      0.00    100.00
04:09:58         28      0.00      0.00      0.00      0.00      0.00    100.00
04:09:58         29      0.00      0.00      0.00      0.00      0.00    100.00
04:09:58         30      0.00      0.00      0.00      0.00      0.00    100.00
04:09:58         31      0.00      0.00      0.00      0.00      0.00    100.00

04:09:58        CPU     %user     %nice   %system   %iowait    %steal     %idle
04:09:59        all      3.20      0.00      1.35      0.00      0.00     95.46
04:09:59          0      0.00      0.00      0.00      0.00      0.00    100.00
04:09:59          1      0.00      0.00      0.00      0.00      0.00    100.00
04:09:59          2      0.00      0.00      0.00      0.00      0.00    100.00
04:09:59          3      0.00      0.00      0.00      0.00      0.00    100.00
04:09:59          4     85.29      0.00     13.73      0.00      0.00      0.98
04:09:59          5     15.38      0.00     30.77      0.00      0.00     53.85
04:09:59          6      0.00      0.00      0.00      0.00      0.00    100.00
04:09:59          7      0.00      0.00      0.00      0.00      0.00    100.00
04:09:59          8      0.00      0.00      0.00      0.00      0.00    100.00
04:09:59          9      0.00      0.00      0.00      0.00      0.00    100.00
04:09:59         10      0.00      0.00      0.00      0.00      0.00    100.00
04:09:59         11      0.00      0.00      0.00      0.00      0.00    100.00
04:09:59         12      0.00      0.00      0.00      0.00      0.00    100.00
04:09:59         13      0.00      0.00      0.00      0.00      0.00    100.00
04:09:59         14      0.00      0.00      0.00      0.00      0.00    100.00
04:09:59         15      0.00      0.00      0.00      0.00      0.00    100.00
04:09:59         16      1.00      0.00      0.00      0.00      0.00     99.00
04:09:59         17      0.00      0.00      0.00      0.00      0.00    100.00
04:09:59         18      0.00      0.00      0.00      0.00      0.00    100.00
04:09:59         19      0.00      0.00      0.00      0.00      0.00    100.00
04:09:59         20      0.00      0.00      0.00      0.00      0.00    100.00
04:09:59         21      0.00      0.00      0.00      0.00      0.00    100.00
04:09:59         22      0.00      0.00      0.00      0.00      0.00    100.00
04:09:59         23      0.00      0.00      0.00      0.00      0.00    100.00
04:09:59         24      0.00      0.00      0.00      0.00      0.00    100.00
04:09:59         25      0.00      0.00      0.00      0.00      0.00    100.00
04:09:59         26      0.00      0.00      0.00      0.00      0.00    100.00
04:09:59         27      0.00      0.00      0.00      0.00      0.00    100.00
04:09:59         28      0.00      0.00      0.00      0.00      0.00    100.00
04:09:59         29      0.00      0.00      0.99      0.00      0.00     99.01
04:09:59         30      0.00      0.00      0.00      0.00      0.00    100.00
04:09:59         31      0.00      0.00      0.00      0.00      0.00    100.00

04:09:59        CPU     %user     %nice   %system   %iowait    %steal     %idle
04:10:00        all      3.29      0.00      1.22      0.00      0.00     95.48
04:10:00          0      0.00      0.00      0.00      0.00      0.00    100.00
04:10:00          1      0.00      0.00      0.00      0.00      0.00    100.00
04:10:00          2      0.00      0.00      0.00      0.00      0.00    100.00
04:10:00          3      0.00      0.00      0.00      0.00      0.00    100.00
04:10:00          4     86.00      0.00     13.00      0.00      0.00      1.00
04:10:00          5     18.48      0.00     28.26      0.00      0.00     53.26
04:10:00          6      0.00      0.00      0.00      0.00      0.00    100.00
04:10:00          7      0.00      0.00      0.00      0.00      0.00    100.00
04:10:00          8      0.00      0.00      0.00      0.00      0.00    100.00
04:10:00          9      0.00      0.00      0.00      0.00      0.00    100.00
04:10:00         10      0.00      0.00      0.00      0.00      0.00    100.00
04:10:00         11      0.00      0.00      0.00      0.00      0.00    100.00
04:10:00         12      0.00      0.00      0.00      0.00      0.00    100.00
04:10:00         13      0.00      0.00      0.00      0.00      0.00    100.00
04:10:00         14      0.00      0.00      0.00      0.00      0.00    100.00
04:10:00         15      0.00      0.00      0.00      0.00      0.00    100.00
04:10:00         16      2.00      0.00      0.00      0.00      0.00     98.00
04:10:00         17      0.00      0.00      0.00      0.00      0.00    100.00
04:10:00         18      0.00      0.00      0.00      0.00      0.00    100.00
04:10:00         19      0.00      0.00      0.00      0.00      0.00    100.00
04:10:00         20      0.00      0.00      0.00      0.00      0.00    100.00
04:10:00         21      0.00      0.00      0.00      0.00      0.00    100.00
04:10:00         22      0.00      0.00      0.00      0.00      0.00    100.00
04:10:00         23      0.00      0.00      0.00      0.00      0.00    100.00
04:10:00         24      0.00      0.00      0.00      0.00      0.00    100.00
04:10:00         25      0.00      0.00      0.00      0.00      0.00    100.00
04:10:00         26      0.00      0.00      0.00      0.00      0.00    100.00
04:10:00         27      0.00      0.00      0.00      0.00      0.00    100.00
04:10:00         28      0.00      0.00      0.00      0.00      0.00    100.00
04:10:00         29      0.00      0.00      0.00      0.00      0.00    100.00
04:10:00         30      0.00      0.00      0.00      0.00      0.00    100.00
04:10:00         31      0.00      0.00      0.00      0.00      0.00    100.00

04:10:00        CPU     %user     %nice   %system   %iowait    %steal     %idle
04:10:01        all      3.35      0.00      1.25      0.00      0.00     95.40
04:10:01          0      0.00      0.00      0.00      0.00      0.00    100.00
04:10:01          1      0.00      0.00      0.00      0.00      0.00    100.00
04:10:01          2      0.00      0.00      0.00      0.00      0.00    100.00
04:10:01          3      0.00      0.00      0.00      0.00      0.00    100.00
04:10:01          4     86.14      0.00     12.87      0.00      0.00      0.99
04:10:01          5     18.95      0.00     28.42      0.00      0.00     52.63
04:10:01          6      0.00      0.00      0.00      0.00      0.00    100.00
04:10:01          7      0.00      0.00      0.00      0.00      0.00    100.00
04:10:01          8      0.00      0.00      0.00      0.00      0.00    100.00
04:10:01          9      0.00      0.00      0.00      0.00      0.00    100.00
04:10:01         10      0.00      0.00      0.00      0.00      0.00    100.00
04:10:01         11      0.00      0.00      0.00      0.00      0.00    100.00
04:10:01         12      0.00      0.00      0.00      0.00      0.00    100.00
04:10:01         13      0.00      0.00      0.00      0.00      0.00    100.00
04:10:01         14      0.00      0.00      0.00      0.00      0.00    100.00
04:10:01         15      0.00      0.00      0.00      0.00      0.00    100.00
04:10:01         16      1.98      0.00      0.00      0.00      0.00     98.02
04:10:01         17      0.00      0.00      0.00      0.00      0.00    100.00
04:10:01         18      0.00      0.00      0.00      0.00      0.00    100.00
04:10:01         19      0.00      0.00      0.00      0.00      0.00    100.00
04:10:01         20      0.00      0.00      0.00      0.00      0.00    100.00
04:10:01         21      0.00      0.00      0.00      0.00      0.00    100.00
04:10:01         22      0.00      0.00      0.00      0.00      0.00    100.00
04:10:01         23      0.00      0.00      0.00      0.00      0.00    100.00
04:10:01         24      0.00      0.00      0.00      0.00      0.00    100.00
04:10:01         25      0.00      0.00      0.00      0.00      0.00    100.00
04:10:01         26      0.00      0.00      0.00      0.00      0.00    100.00
04:10:01         27      0.00      0.00      0.00      0.00      0.00    100.00
04:10:01         28      0.00      0.00      0.00      0.00      0.00    100.00
04:10:01         29      0.00      0.00      0.00      0.00      0.00    100.00
04:10:01         30      0.00      0.00      0.00      0.00      0.00    100.00
04:10:01         31      0.00      0.00      0.00      0.00      0.00    100.00

04:10:01        CPU     %user     %nice   %system   %iowait    %steal     %idle
04:10:02        all      3.20      0.00      1.44      0.00      0.00     95.36
04:10:02          0      0.00      0.00      0.00      0.00      0.00    100.00
04:10:02          1      0.00      0.00      0.00      0.00      0.00    100.00
04:10:02          2      1.00      0.00      0.00      0.00      0.00     99.00
04:10:02          3      0.00      0.00      0.00      0.00      0.00    100.00
04:10:02          4     83.17      0.00     16.83      0.00      0.00      0.00
04:10:02          5     17.02      0.00     30.85      0.00      0.00     52.13
04:10:02          6      0.00      0.00      0.00      0.00      0.00    100.00
04:10:02          7      0.00      0.00      0.00      0.00      0.00    100.00
04:10:02          8      0.00      0.00      0.00      0.00      0.00    100.00
04:10:02          9      0.00      0.00      0.00      0.00      0.00    100.00
04:10:02         10      0.00      0.00      0.00      0.00      0.00    100.00
04:10:02         11      0.00      0.00      0.00      0.00      0.00    100.00
04:10:02         12      0.00      0.00      0.00      0.00      0.00    100.00
04:10:02         13      0.00      0.00      0.00      0.00      0.00    100.00
04:10:02         14      0.00      0.00      0.00      0.00      0.00    100.00
04:10:02         15      0.00      0.00      0.00      0.00      0.00    100.00
04:10:02         16      1.01      0.00      0.00      0.00      0.00     98.99
04:10:02         17      0.00      0.00      0.00      0.00      0.00    100.00
04:10:02         18      0.00      0.00      0.00      0.00      0.00    100.00
04:10:02         19      0.00      0.00      0.00      0.00      0.00    100.00
04:10:02         20      0.00      0.00      0.00      0.00      0.00    100.00
04:10:02         21      0.00      0.00      0.00      0.00      0.00    100.00
04:10:02         22      0.00      0.00      0.00      0.00      0.00    100.00
04:10:02         23      0.00      0.00      0.00      0.00      0.00    100.00
04:10:02         24      0.00      0.00      0.00      0.00      0.00    100.00
04:10:02         25      0.00      0.00      0.00      0.00      0.00    100.00
04:10:02         26      0.00      0.00      0.00      0.00      0.00    100.00
04:10:02         27      0.00      0.00      0.00      0.00      0.00    100.00
04:10:02         28      0.00      0.00      0.00      0.00      0.00    100.00
04:10:02         29      0.00      0.00      0.00      0.00      0.00    100.00
04:10:02         30      0.00      0.00      0.00      0.00      0.00    100.00
04:10:02         31      0.00      0.00      0.00      0.00      0.00    100.00

04:10:02        CPU     %user     %nice   %system   %iowait    %steal     %idle
04:10:03        all      3.19      0.00      1.47      0.00      0.00     95.34
04:10:03          0      0.00      0.00      0.00      0.00      0.00    100.00
04:10:03          1      0.00      0.00      0.00      0.00      0.00    100.00
04:10:03          2      0.00      0.00      0.00      0.00      0.00    100.00
04:10:03          3      0.00      0.00      0.00      0.00      0.00    100.00
04:10:03          4     84.00      0.00     15.00      0.00      0.00      1.00
04:10:03          5     17.17      0.00     32.32      0.00      0.00     50.51
04:10:03          6      0.00      0.00      0.00      0.00      0.00    100.00
04:10:03          7      0.00      0.00      0.00      0.00      0.00    100.00
04:10:03          8      0.00      0.00      0.00      0.00      0.00    100.00
04:10:03          9      0.00      0.00      0.00      0.00      0.00    100.00
04:10:03         10      0.00      0.00      0.00      0.00      0.00    100.00
04:10:03         11      0.00      0.00      0.00      0.00      0.00    100.00
04:10:03         12      0.00      0.00      0.00      0.00      0.00    100.00
04:10:03         13      0.00      0.00      0.00      0.00      0.00    100.00
04:10:03         14      0.00      0.00      0.00      0.00      0.00    100.00
04:10:03         15      0.00      0.00      0.00      0.00      0.00    100.00
04:10:03         16      1.01      0.00      0.00      0.00      0.00     98.99
04:10:03         17      0.00      0.00      0.00      0.00      0.00    100.00
04:10:03         18      0.00      0.00      0.00      0.00      0.00    100.00
04:10:03         19      0.00      0.00      0.00      0.00      0.00    100.00
04:10:03         20      0.00      0.00      0.00      0.00      0.00    100.00
04:10:03         21      0.00      0.00      0.00      0.00      0.00    100.00
04:10:03         22      0.00      0.00      0.00      0.00      0.00    100.00
04:10:03         23      0.00      0.00      0.00      0.00      0.00    100.00
04:10:03         24      0.00      0.00      0.00      0.00      0.00    100.00
04:10:03         25      0.00      0.00      0.00      0.00      0.00    100.00
04:10:03         26      0.00      0.00      0.00      0.00      0.00    100.00
04:10:03         27      0.00      0.00      0.00      0.00      0.00    100.00
04:10:03         28      0.00      0.00      0.00      0.00      0.00    100.00
04:10:03         29      0.00      0.00      0.00      0.00      0.00    100.00
04:10:03         30      0.00      0.00      0.00      0.00      0.00    100.00
04:10:03         31      0.00      0.00      0.00      0.00      0.00    100.00

04:10:03        CPU     %user     %nice   %system   %iowait    %steal     %idle
04:10:04        all      3.31      0.00      1.38      0.00      0.00     95.31
04:10:04          0      0.00      0.00      0.00      0.00      0.00    100.00
04:10:04          1      0.00      0.00      0.00      0.00      0.00    100.00
04:10:04          2      0.00      0.00      0.00      0.00      0.00    100.00
04:10:04          3      0.00      0.00      0.00      0.00      0.00    100.00
04:10:04          4     84.31      0.00     14.71      0.00      0.00      0.98
04:10:04          5     18.75      0.00     30.21      0.00      0.00     51.04
04:10:04          6      0.00      0.00      0.00      0.00      0.00    100.00
04:10:04          7      0.00      0.00      0.00      0.00      0.00    100.00
04:10:04          8      0.00      0.00      0.00      0.00      0.00    100.00
04:10:04          9      0.00      0.00      0.00      0.00      0.00    100.00
04:10:04         10      0.00      0.00      0.00      0.00      0.00    100.00
04:10:04         11      0.00      0.00      0.00      0.00      0.00    100.00
04:10:04         12      0.00      0.00      0.00      0.00      0.00    100.00
04:10:04         13      0.00      0.00      0.00      0.00      0.00    100.00
04:10:04         14      0.00      0.00      0.00      0.00      0.00    100.00
04:10:04         15      0.00      0.00      0.00      0.00      0.00    100.00
04:10:04         16      1.98      0.00      0.00      0.00      0.00     98.02
04:10:04         17      0.00      0.00      0.00      0.00      0.00    100.00
04:10:04         18      0.00      0.00      0.00      0.00      0.00    100.00
04:10:04         19      0.00      0.00      0.00      0.00      0.00    100.00
04:10:04         20      0.00      0.00      0.00      0.00      0.00    100.00
04:10:04         21      0.00      0.00      0.00      0.00      0.00    100.00
04:10:04         22      0.00      0.00      0.00      0.00      0.00    100.00
04:10:04         23      0.00      0.00      0.00      0.00      0.00    100.00
04:10:04         24      0.00      0.00      0.00      0.00      0.00    100.00
04:10:04         25      0.00      0.00      0.00      0.00      0.00    100.00
04:10:04         26      0.00      0.00      0.00      0.00      0.00    100.00
04:10:04         27      0.00      0.00      0.00      0.00      0.00    100.00
04:10:04         28      0.00      0.00      0.00      0.00      0.00    100.00
04:10:04         29      0.00      0.00      0.00      0.00      0.00    100.00
04:10:04         30      0.00      0.00      0.00      0.00      0.00    100.00
04:10:04         31      0.00      0.00      0.00      0.00      0.00    100.00

04:10:04        CPU     %user     %nice   %system   %iowait    %steal     %idle
04:10:05        all      3.22      0.00      0.75      0.00      0.00     96.03
04:10:05          0      0.00      0.00      0.00      0.00      0.00    100.00
04:10:05          1      0.00      0.00      0.00      0.00      0.00    100.00
04:10:05          2      0.00      0.00      0.00      0.00      0.00    100.00
04:10:05          3      0.00      0.00      0.00      0.00      0.00    100.00
04:10:05          4     40.00      0.00      6.00      0.00      0.00     54.00
04:10:05          5     60.19      0.00     17.48      0.00      0.00     22.33
04:10:05          6      0.00      0.00      0.00      0.00      0.00    100.00
04:10:05          7      0.00      0.00      0.00      0.00      0.00    100.00
04:10:05          8      0.00      0.00      0.00      0.00      0.00    100.00
04:10:05          9      0.00      0.00      0.00      0.00      0.00    100.00
04:10:05         10      0.00      0.00      0.00      0.00      0.00    100.00
04:10:05         11      0.00      0.00      0.00      0.00      0.00    100.00
04:10:05         12      0.00      0.00      0.00      0.00      0.00    100.00
04:10:05         13      0.00      0.00      0.00      0.00      0.00    100.00
04:10:05         14      0.00      0.00      0.00      0.00      0.00    100.00
04:10:05         15      0.00      0.00      0.00      0.00      0.00    100.00
04:10:05         16      1.01      0.00      0.00      0.00      0.00     98.99
04:10:05         17      0.00      0.00      0.00      0.00      0.00    100.00
04:10:05         18      0.00      0.00      0.00      0.00      0.00    100.00
04:10:05         19      0.00      0.00      0.00      0.00      0.00    100.00
04:10:05         20      0.00      0.00      0.00      0.00      0.00    100.00
04:10:05         21      0.00      0.00      0.00      0.00      0.00    100.00
04:10:05         22      0.00      0.00      0.00      0.00      0.00    100.00
04:10:05         23      0.00      0.00      0.00      0.00      0.00    100.00
04:10:05         24      0.00      0.00      0.00      0.00      0.00    100.00
04:10:05         25      0.00      0.00      0.00      0.00      0.00    100.00
04:10:05         26      0.00      0.00      0.00      0.00      0.00    100.00
04:10:05         27      0.00      0.00      0.00      0.00      0.00    100.00
04:10:05         28      0.00      0.00      0.00      0.00      0.00    100.00
04:10:05         29      0.00      0.00      0.00      0.00      0.00    100.00
04:10:05         30      0.00      0.00      0.00      0.00      0.00    100.00
04:10:05         31      0.00      0.00      0.00      0.00      0.00    100.00

Average:        CPU     %user     %nice   %system   %iowait    %steal     %idle
Average:        all      3.33      0.00      1.39      0.00      0.00     95.28
Average:          0      0.00      0.00      0.12      0.00      0.00     99.88
Average:          1      0.00      0.00      0.00      0.00      0.00    100.00
Average:          2      0.08      0.00      0.04      0.00      0.00     99.88
Average:          3      0.00      0.00      0.04      0.00      0.00     99.96
Average:          4     82.37      0.00     14.77      0.00      0.00      2.86
Average:          5     19.48      0.00     28.49      0.00      0.00     52.04
Average:          6      0.00      0.00      0.04      0.00      0.00     99.96
Average:          7      0.00      0.00      0.00      0.00      0.00    100.00
Average:          8      0.00      0.00      0.04      0.00      0.00     99.96
Average:          9      0.00      0.00      0.00      0.00      0.00    100.00
Average:         10      0.04      0.00      0.00      0.00      0.00     99.96
Average:         11      0.00      0.00      0.04      0.00      0.00     99.96
Average:         12      0.00      0.00      0.00      0.00      0.00    100.00
Average:         13      0.00      0.00      0.04      0.00      0.00     99.96
Average:         14      0.12      0.00      0.08      0.00      0.00     99.80
Average:         15      0.00      0.00      0.08      0.00      0.00     99.92
Average:         16      1.52      0.00      0.04      0.00      0.00     98.44
Average:         17      0.00      0.00      0.00      0.00      0.00    100.00
Average:         18      0.00      0.00      0.00      0.00      0.00    100.00
Average:         19      0.00      0.00      0.00      0.00      0.00    100.00
Average:         20      0.04      0.00      0.00      0.00      0.00     99.96
Average:         21      0.00      0.00      0.04      0.00      0.00     99.96
Average:         22      0.00      0.00      0.00      0.00      0.00    100.00
Average:         23      0.00      0.00      0.00      0.00      0.00    100.00
Average:         24      0.08      0.00      0.00      0.00      0.00     99.92
Average:         25      0.08      0.00      0.00      0.00      0.00     99.92
Average:         26      0.04      0.00      0.00      0.00      0.00     99.96
Average:         27      0.00      0.00      0.00      0.00      0.00    100.00
Average:         28      0.00      0.00      0.00      0.00      0.00    100.00
Average:         29      0.12      0.00      0.04      0.00      0.00     99.84
Average:         30      0.00      0.00      0.00      0.00      0.00    100.00
Average:         31      3.04      0.00      2.28      0.00      0.00     94.67
