Linux 5.15.0-187-generic (node0.katieyan-315918.ldos-ut-pg0.wisc.cloudlab.us) 	09/14/26 	_x86_64_	(32 CPU)

04:10:53        CPU     %user     %nice   %system   %iowait    %steal     %idle
04:10:54        all      2.60      0.00      1.28      0.00      0.00     96.12
04:10:54          0      0.00      0.00      0.99      0.00      0.00     99.01
04:10:54          1      0.00      0.00      0.00      0.00      0.00    100.00
04:10:54          2      0.00      0.00      0.00      0.00      0.00    100.00
04:10:54          3      0.00      0.00      0.00      0.00      0.00    100.00
04:10:54          4     74.49      0.00     18.37      0.00      0.00      7.14
04:10:54          5      7.22      0.00     22.68      0.00      0.00     70.10
04:10:54          6      0.00      0.00      0.00      0.00      0.00    100.00
04:10:54          7      0.00      0.00      0.00      0.00      0.00    100.00
04:10:54          8      0.00      0.00      0.00      0.00      0.00    100.00
04:10:54          9      0.00      0.00      0.00      0.00      0.00    100.00
04:10:54         10      0.00      0.00      0.00      0.00      0.00    100.00
04:10:54         11      0.00      0.00      0.00      0.00      0.00    100.00
04:10:54         12      0.00      0.00      0.00      0.00      0.00    100.00
04:10:54         13      0.00      0.00      0.00      0.00      0.00    100.00
04:10:54         14      0.99      0.00      0.00      0.00      0.00     99.01
04:10:54         15      0.00      0.00      0.00      0.00      0.00    100.00
04:10:54         16      1.00      0.00      0.00      0.00      0.00     99.00
04:10:54         17      0.00      0.00      0.00      0.00      0.00    100.00
04:10:54         18      0.00      0.00      0.00      0.00      0.00    100.00
04:10:54         19      0.00      0.00      0.00      0.00      0.00    100.00
04:10:54         20      0.00      0.00      0.00      0.00      0.00    100.00
04:10:54         21      0.00      0.00      0.00      0.00      0.00    100.00
04:10:54         22      0.00      0.00      0.00      0.00      0.00    100.00
04:10:54         23      0.00      0.00      0.00      0.00      0.00    100.00
04:10:54         24      0.00      0.00      0.00      0.00      0.00    100.00
04:10:54         25      0.00      0.00      0.00      0.00      0.00    100.00
04:10:54         26      0.00      0.00      0.00      0.00      0.00    100.00
04:10:54         27      0.00      0.00      0.00      0.00      0.00    100.00
04:10:54         28      0.99      0.00      0.00      0.00      0.00     99.01
04:10:54         29      0.00      0.00      0.00      0.00      0.00    100.00
04:10:54         30      0.00      0.00      0.00      0.00      0.00    100.00
04:10:54         31      0.00      0.00      0.00      0.00      0.00    100.00

04:10:54        CPU     %user     %nice   %system   %iowait    %steal     %idle
04:10:55        all      2.63      0.00      1.32      0.00      0.00     96.05
04:10:55          0      0.00      0.00      0.00      0.00      0.00    100.00
04:10:55          1      0.00      0.00      0.00      0.00      0.00    100.00
04:10:55          2      0.00      0.00      0.00      0.00      0.00    100.00
04:10:55          3      0.00      0.00      0.00      0.00      0.00    100.00
04:10:55          4     75.00      0.00     16.67      0.00      0.00      8.33
04:10:55          5      7.29      0.00     22.92      0.00      0.00     69.79
04:10:55          6      0.00      0.00      0.00      0.00      0.00    100.00
04:10:55          7      0.00      0.00      0.00      0.00      0.00    100.00
04:10:55          8      0.00      0.00      0.00      0.00      0.00    100.00
04:10:55          9      0.00      0.00      0.00      0.00      0.00    100.00
04:10:55         10      1.01      0.00      0.00      0.00      0.00     98.99
04:10:55         11      0.00      0.00      0.00      0.00      0.00    100.00
04:10:55         12      0.00      0.00      0.00      0.00      0.00    100.00
04:10:55         13      0.00      0.00      0.00      0.00      0.00    100.00
04:10:55         14      0.00      0.00      0.00      0.00      0.00    100.00
04:10:55         15      0.00      0.00      0.00      0.00      0.00    100.00
04:10:55         16      0.00      0.00      0.00      0.00      0.00    100.00
04:10:55         17      0.00      0.00      0.00      0.00      0.00    100.00
04:10:55         18      0.00      0.00      0.00      0.00      0.00    100.00
04:10:55         19      0.00      0.00      0.00      0.00      0.00    100.00
04:10:55         20      0.00      0.00      0.00      0.00      0.00    100.00
04:10:55         21      0.00      0.00      0.00      0.00      0.00    100.00
04:10:55         22      0.00      0.00      0.00      0.00      0.00    100.00
04:10:55         23      0.00      0.00      0.99      0.00      0.00     99.01
04:10:55         24      0.00      0.00      0.00      0.00      0.00    100.00
04:10:55         25      0.00      0.00      0.00      0.00      0.00    100.00
04:10:55         26      0.00      0.00      0.00      0.00      0.00    100.00
04:10:55         27      1.98      0.00      1.98      0.00      0.00     96.04
04:10:55         28      0.99      0.00      0.99      0.00      0.00     98.02
04:10:55         29      0.00      0.00      0.00      0.00      0.00    100.00
04:10:55         30      0.00      0.00      0.00      0.00      0.00    100.00
04:10:55         31      1.00      0.00      0.00      0.00      0.00     99.00

04:10:55        CPU     %user     %nice   %system   %iowait    %steal     %idle
04:10:56        all      2.91      0.00      0.85      0.00      0.00     96.24
04:10:56          0      0.00      0.00      0.00      0.00      0.00    100.00
04:10:56          1      0.00      0.00      0.00      0.00      0.00    100.00
04:10:56          2      0.00      0.00      0.00      0.00      0.00    100.00
04:10:56          3      0.00      0.00      0.00      0.00      0.00    100.00
04:10:56          4     81.73      0.00     11.54      0.00      0.00      6.73
04:10:56          5      8.79      0.00     16.48      0.00      0.00     74.73
04:10:56          6      0.00      0.00      0.00      0.00      0.00    100.00
04:10:56          7      0.00      0.00      0.00      0.00      0.00    100.00
04:10:56          8      0.00      0.00      0.00      0.00      0.00    100.00
04:10:56          9      0.00      0.00      0.00      0.00      0.00    100.00
04:10:56         10      0.00      0.00      0.00      0.00      0.00    100.00
04:10:56         11      0.00      0.00      0.00      0.00      0.00    100.00
04:10:56         12      0.00      0.00      0.00      0.00      0.00    100.00
04:10:56         13      0.00      0.00      0.00      0.00      0.00    100.00
04:10:56         14      0.00      0.00      0.00      0.00      0.00    100.00
04:10:56         15      0.00      0.00      0.00      0.00      0.00    100.00
04:10:56         16      0.00      0.00      0.00      0.00      0.00    100.00
04:10:56         17      0.00      0.00      0.00      0.00      0.00    100.00
04:10:56         18      0.00      0.00      0.00      0.00      0.00    100.00
04:10:56         19      0.00      0.00      0.00      0.00      0.00    100.00
04:10:56         20      0.00      0.00      0.00      0.00      0.00    100.00
04:10:56         21      0.00      0.00      0.00      0.00      0.00    100.00
04:10:56         22      0.00      0.00      0.00      0.00      0.00    100.00
04:10:56         23      0.00      0.00      0.00      0.00      0.00    100.00
04:10:56         24      0.00      0.00      0.00      0.00      0.00    100.00
04:10:56         25      0.00      0.00      0.00      0.00      0.00    100.00
04:10:56         26      0.00      0.00      0.00      0.00      0.00    100.00
04:10:56         27      0.00      0.00      0.00      0.00      0.00    100.00
04:10:56         28      0.00      0.00      0.00      0.00      0.00    100.00
04:10:56         29      0.00      0.00      0.00      0.00      0.00    100.00
04:10:56         30      0.00      0.00      0.00      0.00      0.00    100.00
04:10:56         31      0.00      0.00      0.00      0.00      0.00    100.00

04:10:56        CPU     %user     %nice   %system   %iowait    %steal     %idle
04:10:57        all      2.57      0.00      0.97      0.00      0.00     96.45
04:10:57          0      0.00      0.00      0.00      0.00      0.00    100.00
04:10:57          1      0.00      0.00      0.00      0.00      0.00    100.00
04:10:57          2      0.00      0.00      0.00      0.00      0.00    100.00
04:10:57          3      0.00      0.00      0.00      0.00      0.00    100.00
04:10:57          4     77.55      0.00     14.29      0.00      0.00      8.16
04:10:57          5      6.67      0.00     18.89      0.00      0.00     74.44
04:10:57          6      0.00      0.00      0.00      0.00      0.00    100.00
04:10:57          7      0.00      0.00      0.00      0.00      0.00    100.00
04:10:57          8      0.00      0.00      0.00      0.00      0.00    100.00
04:10:57          9      0.00      0.00      0.00      0.00      0.00    100.00
04:10:57         10      0.00      0.00      0.00      0.00      0.00    100.00
04:10:57         11      0.00      0.00      0.00      0.00      0.00    100.00
04:10:57         12      0.00      0.00      0.00      0.00      0.00    100.00
04:10:57         13      0.00      0.00      0.00      0.00      0.00    100.00
04:10:57         14      0.00      0.00      0.00      0.00      0.00    100.00
04:10:57         15      0.00      0.00      0.00      0.00      0.00    100.00
04:10:57         16      0.00      0.00      0.00      0.00      0.00    100.00
04:10:57         17      0.00      0.00      0.00      0.00      0.00    100.00
04:10:57         18      0.00      0.00      0.00      0.00      0.00    100.00
04:10:57         19      0.00      0.00      0.00      0.00      0.00    100.00
04:10:57         20      0.00      0.00      0.00      0.00      0.00    100.00
04:10:57         21      0.00      0.00      0.00      0.00      0.00    100.00
04:10:57         22      0.00      0.00      0.00      0.00      0.00    100.00
04:10:57         23      0.00      0.00      0.00      0.00      0.00    100.00
04:10:57         24      0.00      0.00      0.00      0.00      0.00    100.00
04:10:57         25      0.00      0.00      0.00      0.00      0.00    100.00
04:10:57         26      0.00      0.00      0.00      0.00      0.00    100.00
04:10:57         27      0.00      0.00      0.00      0.00      0.00    100.00
04:10:57         28      0.00      0.00      0.00      0.00      0.00    100.00
04:10:57         29      0.00      0.00      0.00      0.00      0.00    100.00
04:10:57         30      0.00      0.00      0.00      0.00      0.00    100.00
04:10:57         31      0.00      0.00      0.00      0.00      0.00    100.00

04:10:57        CPU     %user     %nice   %system   %iowait    %steal     %idle
04:10:58        all      3.41      0.00      1.94      0.03      0.00     94.62
04:10:58          0      0.00      0.00      0.00      0.00      0.00    100.00
04:10:58          1      0.00      0.00      0.00      0.00      0.00    100.00
04:10:58          2      0.00      0.00      0.00      0.00      0.00    100.00
04:10:58          3      0.00      0.00      0.00      0.00      0.00    100.00
04:10:58          4     72.73      0.00     20.20      0.00      0.00      7.07
04:10:58          5      9.90      0.00     22.77      0.00      0.00     67.33
04:10:58          6      0.00      0.00      0.00      0.00      0.00    100.00
04:10:58          7      0.00      0.00      0.00      0.00      0.00    100.00
04:10:58          8      0.00      0.00      0.00      0.00      0.00    100.00
04:10:58          9      0.00      0.00      0.00      0.00      0.00    100.00
04:10:58         10      0.00      0.00      0.00      0.00      0.00    100.00
04:10:58         11      0.00      0.00      0.00      0.00      0.00    100.00
04:10:58         12      0.00      0.00      0.00      0.00      0.00    100.00
04:10:58         13      0.00      0.00      0.00      0.00      0.00    100.00
04:10:58         14      0.00      0.00      0.00      0.00      0.00    100.00
04:10:58         15      0.00      0.00      0.00      0.00      0.00    100.00
04:10:58         16      1.00      0.00      0.00      0.00      0.00     99.00
04:10:58         17      0.00      0.00      0.00      0.00      0.00    100.00
04:10:58         18      0.00      0.00      0.00      0.00      0.00    100.00
04:10:58         19      0.00      0.00      0.00      0.00      0.00    100.00
04:10:58         20      0.00      0.00      0.00      0.00      0.00    100.00
04:10:58         21      0.00      0.00      0.00      0.00      0.00    100.00
04:10:58         22      0.00      0.00      0.00      0.00      0.00    100.00
04:10:58         23      0.00      0.00      0.00      0.00      0.00    100.00
04:10:58         24      0.00      0.00      0.00      0.99      0.00     99.01
04:10:58         25      0.00      0.00      0.00      0.00      0.00    100.00
04:10:58         26      0.00      0.00      0.00      0.00      0.00    100.00
04:10:58         27      0.00      0.00      0.00      0.00      0.00    100.00
04:10:58         28      0.00      0.00      0.00      0.00      0.00    100.00
04:10:58         29      0.00      0.00      0.00      0.00      0.00    100.00
04:10:58         30      0.00      0.00      0.00      0.00      0.00    100.00
04:10:58         31     26.26      0.00     19.19      0.00      0.00     54.55

04:10:58        CPU     %user     %nice   %system   %iowait    %steal     %idle
04:10:59        all      2.70      0.00      0.97      0.00      0.00     96.33
04:10:59          0      0.00      0.00      0.00      0.00      0.00    100.00
04:10:59          1      0.00      0.00      0.00      0.00      0.00    100.00
04:10:59          2      0.00      0.00      0.00      0.00      0.00    100.00
04:10:59          3      0.00      0.00      0.00      0.00      0.00    100.00
04:10:59          4     78.43      0.00     14.71      0.00      0.00      6.86
04:10:59          5      6.82      0.00     17.05      0.00      0.00     76.14
04:10:59          6      0.00      0.00      0.00      0.00      0.00    100.00
04:10:59          7      0.00      0.00      0.00      0.00      0.00    100.00
04:10:59          8      0.00      0.00      0.00      0.00      0.00    100.00
04:10:59          9      0.00      0.00      0.00      0.00      0.00    100.00
04:10:59         10      0.00      0.00      0.00      0.00      0.00    100.00
04:10:59         11      0.00      0.00      0.00      0.00      0.00    100.00
04:10:59         12      0.00      0.00      0.00      0.00      0.00    100.00
04:10:59         13      0.00      0.00      0.00      0.00      0.00    100.00
04:10:59         14      0.00      0.00      0.00      0.00      0.00    100.00
04:10:59         15      0.00      0.00      0.00      0.00      0.00    100.00
04:10:59         16      0.00      0.00      0.00      0.00      0.00    100.00
04:10:59         17      0.00      0.00      0.00      0.00      0.00    100.00
04:10:59         18      0.00      0.00      0.00      0.00      0.00    100.00
04:10:59         19      0.00      0.00      0.00      0.00      0.00    100.00
04:10:59         20      0.00      0.00      0.00      0.00      0.00    100.00
04:10:59         21      0.00      0.00      0.00      0.00      0.00    100.00
04:10:59         22      0.00      0.00      0.00      0.00      0.00    100.00
04:10:59         23      0.00      0.00      0.00      0.00      0.00    100.00
04:10:59         24      0.00      0.00      0.99      0.00      0.00     99.01
04:10:59         25      0.00      0.00      0.00      0.00      0.00    100.00
04:10:59         26      0.00      0.00      0.00      0.00      0.00    100.00
04:10:59         27      0.00      0.00      0.00      0.00      0.00    100.00
04:10:59         28      0.00      0.00      0.00      0.00      0.00    100.00
04:10:59         29      0.00      0.00      0.00      0.00      0.00    100.00
04:10:59         30      0.00      0.00      0.00      0.00      0.00    100.00
04:10:59         31      0.00      0.00      0.00      0.00      0.00    100.00

04:10:59        CPU     %user     %nice   %system   %iowait    %steal     %idle
04:11:00        all      2.63      0.00      1.10      0.00      0.00     96.27
04:11:00          0      0.00      0.00      0.00      0.00      0.00    100.00
04:11:00          1      0.00      0.00      0.00      0.00      0.00    100.00
04:11:00          2      0.00      0.00      0.00      0.00      0.00    100.00
04:11:00          3      0.00      0.00      0.99      0.00      0.00     99.01
04:11:00          4     75.00      0.00     17.31      0.00      0.00      7.69
04:11:00          5      6.82      0.00     17.05      0.00      0.00     76.14
04:11:00          6      0.00      0.00      0.00      0.00      0.00    100.00
04:11:00          7      0.00      0.00      0.00      0.00      0.00    100.00
04:11:00          8      0.00      0.00      0.00      0.00      0.00    100.00
04:11:00          9      0.00      0.00      0.00      0.00      0.00    100.00
04:11:00         10      0.00      0.00      0.00      0.00      0.00    100.00
04:11:00         11      0.00      0.00      0.00      0.00      0.00    100.00
04:11:00         12      0.00      0.00      0.00      0.00      0.00    100.00
04:11:00         13      0.00      0.00      0.00      0.00      0.00    100.00
04:11:00         14      0.00      0.00      0.00      0.00      0.00    100.00
04:11:00         15      0.00      0.00      0.99      0.00      0.00     99.01
04:11:00         16      0.00      0.00      0.00      0.00      0.00    100.00
04:11:00         17      0.00      0.00      0.00      0.00      0.00    100.00
04:11:00         18      0.00      0.00      0.00      0.00      0.00    100.00
04:11:00         19      0.00      0.00      0.00      0.00      0.00    100.00
04:11:00         20      0.00      0.00      0.00      0.00      0.00    100.00
04:11:00         21      0.00      0.00      0.00      0.00      0.00    100.00
04:11:00         22      0.00      0.00      0.00      0.00      0.00    100.00
04:11:00         23      0.00      0.00      0.00      0.00      0.00    100.00
04:11:00         24      0.00      0.00      0.00      0.00      0.00    100.00
04:11:00         25      0.00      0.00      0.00      0.00      0.00    100.00
04:11:00         26      0.00      0.00      0.00      0.00      0.00    100.00
04:11:00         27      0.00      0.00      0.00      0.00      0.00    100.00
04:11:00         28      0.00      0.00      0.00      0.00      0.00    100.00
04:11:00         29      0.00      0.00      0.00      0.00      0.00    100.00
04:11:00         30      0.00      0.00      0.00      0.00      0.00    100.00
04:11:00         31      0.00      0.00      0.00      0.00      0.00    100.00

04:11:00        CPU     %user     %nice   %system   %iowait    %steal     %idle
04:11:01        all      2.69      0.00      1.06      0.00      0.00     96.24
04:11:01          0      0.00      0.00      0.00      0.00      0.00    100.00
04:11:01          1      0.00      0.00      0.00      0.00      0.00    100.00
04:11:01          2      0.00      0.00      0.00      0.00      0.00    100.00
04:11:01          3      0.00      0.00      0.00      0.00      0.00    100.00
04:11:01          4     75.00      0.00     17.00      0.00      0.00      8.00
04:11:01          5     10.53      0.00     17.89      0.00      0.00     71.58
04:11:01          6      0.00      0.00      0.00      0.00      0.00    100.00
04:11:01          7      0.00      0.00      0.00      0.00      0.00    100.00
04:11:01          8      0.00      0.00      0.00      0.00      0.00    100.00
04:11:01          9      0.00      0.00      0.00      0.00      0.00    100.00
04:11:01         10      0.00      0.00      0.00      0.00      0.00    100.00
04:11:01         11      0.00      0.00      0.00      0.00      0.00    100.00
04:11:01         12      0.00      0.00      0.00      0.00      0.00    100.00
04:11:01         13      0.00      0.00      0.00      0.00      0.00    100.00
04:11:01         14      0.00      0.00      0.00      0.00      0.00    100.00
04:11:01         15      0.00      0.00      0.00      0.00      0.00    100.00
04:11:01         16      1.00      0.00      0.00      0.00      0.00     99.00
04:11:01         17      0.00      0.00      0.00      0.00      0.00    100.00
04:11:01         18      0.00      0.00      0.00      0.00      0.00    100.00
04:11:01         19      0.00      0.00      0.00      0.00      0.00    100.00
04:11:01         20      0.00      0.00      0.00      0.00      0.00    100.00
04:11:01         21      0.00      0.00      0.00      0.00      0.00    100.00
04:11:01         22      0.00      0.00      0.00      0.00      0.00    100.00
04:11:01         23      0.00      0.00      0.00      0.00      0.00    100.00
04:11:01         24      0.00      0.00      0.00      0.00      0.00    100.00
04:11:01         25      0.00      0.00      0.00      0.00      0.00    100.00
04:11:01         26      0.00      0.00      0.00      0.00      0.00    100.00
04:11:01         27      0.00      0.00      0.00      0.00      0.00    100.00
04:11:01         28      0.00      0.00      0.00      0.00      0.00    100.00
04:11:01         29      0.00      0.00      0.00      0.00      0.00    100.00
04:11:01         30      0.00      0.00      0.00      0.00      0.00    100.00
04:11:01         31      0.00      0.00      0.00      0.00      0.00    100.00

04:11:01        CPU     %user     %nice   %system   %iowait    %steal     %idle
04:11:02        all      2.63      0.00      1.10      0.00      0.00     96.27
04:11:02          0      0.00      0.00      0.00      0.00      0.00    100.00
04:11:02          1      0.00      0.00      0.00      0.00      0.00    100.00
04:11:02          2      0.00      0.00      0.00      0.00      0.00    100.00
04:11:02          3      0.00      0.00      0.00      0.00      0.00    100.00
04:11:02          4     73.27      0.00     19.80      0.00      0.00      6.93
04:11:02          5      9.89      0.00     16.48      0.00      0.00     73.63
04:11:02          6      0.00      0.00      0.00      0.00      0.00    100.00
04:11:02          7      0.00      0.00      0.00      0.00      0.00    100.00
04:11:02          8      0.00      0.00      0.00      0.00      0.00    100.00
04:11:02          9      0.00      0.00      0.00      0.00      0.00    100.00
04:11:02         10      0.00      0.00      0.00      0.00      0.00    100.00
04:11:02         11      0.00      0.00      0.00      0.00      0.00    100.00
04:11:02         12      0.00      0.00      0.00      0.00      0.00    100.00
04:11:02         13      0.00      0.00      0.00      0.00      0.00    100.00
04:11:02         14      0.00      0.00      0.00      0.00      0.00    100.00
04:11:02         15      0.00      0.00      0.00      0.00      0.00    100.00
04:11:02         16      0.99      0.00      0.00      0.00      0.00     99.01
04:11:02         17      0.00      0.00      0.00      0.00      0.00    100.00
04:11:02         18      0.00      0.00      0.00      0.00      0.00    100.00
04:11:02         19      0.00      0.00      0.00      0.00      0.00    100.00
04:11:02         20      0.00      0.00      0.00      0.00      0.00    100.00
04:11:02         21      0.00      0.00      0.00      0.00      0.00    100.00
04:11:02         22      0.00      0.00      0.00      0.00      0.00    100.00
04:11:02         23      0.00      0.00      0.00      0.00      0.00    100.00
04:11:02         24      0.00      0.00      0.00      0.00      0.00    100.00
04:11:02         25      0.00      0.00      0.00      0.00      0.00    100.00
04:11:02         26      0.00      0.00      0.00      0.00      0.00    100.00
04:11:02         27      0.00      0.00      0.00      0.00      0.00    100.00
04:11:02         28      0.00      0.00      0.00      0.00      0.00    100.00
04:11:02         29      0.00      0.00      0.00      0.00      0.00    100.00
04:11:02         30      0.00      0.00      0.00      0.00      0.00    100.00
04:11:02         31      0.00      0.00      0.00      0.00      0.00    100.00

04:11:02        CPU     %user     %nice   %system   %iowait    %steal     %idle
04:11:03        all      3.41      0.00      1.94      0.00      0.00     94.65
04:11:03          0      0.00      0.00      0.00      0.00      0.00    100.00
04:11:03          1      0.00      0.00      0.00      0.00      0.00    100.00
04:11:03          2      0.00      0.00      0.00      0.00      0.00    100.00
04:11:03          3      0.00      0.00      0.00      0.00      0.00    100.00
04:11:03          4     74.75      0.00     17.17      0.00      0.00      8.08
04:11:03          5      8.08      0.00     24.24      0.00      0.00     67.68
04:11:03          6      0.00      0.00      0.00      0.00      0.00    100.00
04:11:03          7      0.00      0.00      0.00      0.00      0.00    100.00
04:11:03          8      0.00      0.00      0.00      0.00      0.00    100.00
04:11:03          9      0.00      0.00      0.00      0.00      0.00    100.00
04:11:03         10      0.00      0.00      0.00      0.00      0.00    100.00
04:11:03         11      0.99      0.00      0.00      0.00      0.00     99.01
04:11:03         12      0.00      0.00      0.00      0.00      0.00    100.00
04:11:03         13      0.00      0.00      0.00      0.00      0.00    100.00
04:11:03         14      0.00      0.00      0.00      0.00      0.00    100.00
04:11:03         15      0.00      0.00      0.00      0.00      0.00    100.00
04:11:03         16      1.00      0.00      0.00      0.00      0.00     99.00
04:11:03         17      0.00      0.00      0.00      0.00      0.00    100.00
04:11:03         18      0.00      0.00      0.00      0.00      0.00    100.00
04:11:03         19      0.00      0.00      0.00      0.00      0.00    100.00
04:11:03         20      0.00      0.00      0.00      0.00      0.00    100.00
04:11:03         21      0.00      0.00      0.00      0.00      0.00    100.00
04:11:03         22      0.00      0.00      0.00      0.00      0.00    100.00
04:11:03         23      0.00      0.00      0.00      0.00      0.00    100.00
04:11:03         24      0.00      0.00      0.00      0.00      0.00    100.00
04:11:03         25      0.00      0.00      0.00      0.00      0.00    100.00
04:11:03         26      0.00      0.00      0.00      0.00      0.00    100.00
04:11:03         27      0.00      0.00      0.00      0.00      0.00    100.00
04:11:03         28      0.00      0.00      0.00      0.00      0.00    100.00
04:11:03         29      0.00      0.00      0.00      0.00      0.00    100.00
04:11:03         30      0.00      0.00      0.00      0.00      0.00    100.00
04:11:03         31     24.75      0.00     20.79      0.00      0.00     54.46

04:11:03        CPU     %user     %nice   %system   %iowait    %steal     %idle
04:11:04        all      2.63      0.00      0.97      0.00      0.00     96.39
04:11:04          0      0.00      0.00      0.00      0.00      0.00    100.00
04:11:04          1      0.00      0.00      0.00      0.00      0.00    100.00
04:11:04          2      0.00      0.00      0.00      0.00      0.00    100.00
04:11:04          3      0.00      0.00      0.00      0.00      0.00    100.00
04:11:04          4     74.51      0.00     18.63      0.00      0.00      6.86
04:11:04          5      9.09      0.00     13.64      0.00      0.00     77.27
04:11:04          6      0.00      0.00      0.00      0.00      0.00    100.00
04:11:04          7      0.00      0.00      0.00      0.00      0.00    100.00
04:11:04          8      0.00      0.00      0.00      0.00      0.00    100.00
04:11:04          9      0.00      0.00      0.00      0.00      0.00    100.00
04:11:04         10      0.00      0.00      0.00      0.00      0.00    100.00
04:11:04         11      0.00      0.00      0.00      0.00      0.00    100.00
04:11:04         12      0.00      0.00      0.00      0.00      0.00    100.00
04:11:04         13      0.00      0.00      0.00      0.00      0.00    100.00
04:11:04         14      0.00      0.00      0.00      0.00      0.00    100.00
04:11:04         15      0.00      0.00      0.00      0.00      0.00    100.00
04:11:04         16      0.00      0.00      0.00      0.00      0.00    100.00
04:11:04         17      0.00      0.00      0.00      0.00      0.00    100.00
04:11:04         18      0.00      0.00      0.00      0.00      0.00    100.00
04:11:04         19      0.00      0.00      0.00      0.00      0.00    100.00
04:11:04         20      0.00      0.00      0.00      0.00      0.00    100.00
04:11:04         21      0.00      0.00      0.00      0.00      0.00    100.00
04:11:04         22      0.00      0.00      0.00      0.00      0.00    100.00
04:11:04         23      0.00      0.00      0.00      0.00      0.00    100.00
04:11:04         24      0.00      0.00      0.00      0.00      0.00    100.00
04:11:04         25      0.00      0.00      0.00      0.00      0.00    100.00
04:11:04         26      0.00      0.00      0.00      0.00      0.00    100.00
04:11:04         27      0.00      0.00      0.00      0.00      0.00    100.00
04:11:04         28      0.00      0.00      0.00      0.00      0.00    100.00
04:11:04         29      0.00      0.00      0.00      0.00      0.00    100.00
04:11:04         30      0.00      0.00      0.00      0.00      0.00    100.00
04:11:04         31      0.00      0.00      0.00      0.00      0.00    100.00

04:11:04        CPU     %user     %nice   %system   %iowait    %steal     %idle
04:11:05        all      2.70      0.00      1.03      0.00      0.00     96.27
04:11:05          0      0.00      0.00      0.00      0.00      0.00    100.00
04:11:05          1      0.00      0.00      0.00      0.00      0.00    100.00
04:11:05          2      0.00      0.00      0.00      0.00      0.00    100.00
04:11:05          3      0.00      0.00      0.00      0.00      0.00    100.00
04:11:05          4     75.96      0.00     16.35      0.00      0.00      7.69
04:11:05          5      5.68      0.00     18.18      0.00      0.00     76.14
04:11:05          6      0.00      0.00      0.00      0.00      0.00    100.00
04:11:05          7      0.00      0.00      0.00      0.00      0.00    100.00
04:11:05          8      0.00      0.00      0.00      0.00      0.00    100.00
04:11:05          9      0.00      0.00      0.00      0.00      0.00    100.00
04:11:05         10      0.00      0.00      0.00      0.00      0.00    100.00
04:11:05         11      0.00      0.00      0.00      0.00      0.00    100.00
04:11:05         12      0.00      0.00      0.00      0.00      0.00    100.00
04:11:05         13      0.00      0.00      0.00      0.00      0.00    100.00
04:11:05         14      0.00      0.00      0.00      0.00      0.00    100.00
04:11:05         15      0.00      0.00      0.00      0.00      0.00    100.00
04:11:05         16      1.98      0.00      0.00      0.00      0.00     98.02
04:11:05         17      0.00      0.00      0.00      0.00      0.00    100.00
04:11:05         18      0.00      0.00      0.00      0.00      0.00    100.00
04:11:05         19      0.00      0.00      0.00      0.00      0.00    100.00
04:11:05         20      0.00      0.00      0.00      0.00      0.00    100.00
04:11:05         21      0.00      0.00      0.00      0.00      0.00    100.00
04:11:05         22      0.00      0.00      0.00      0.00      0.00    100.00
04:11:05         23      0.00      0.00      0.00      0.00      0.00    100.00
04:11:05         24      0.00      0.00      0.00      0.00      0.00    100.00
04:11:05         25      0.00      0.00      0.00      0.00      0.00    100.00
04:11:05         26      0.00      0.00      0.00      0.00      0.00    100.00
04:11:05         27      0.00      0.00      0.00      0.00      0.00    100.00
04:11:05         28      0.00      0.00      0.00      0.00      0.00    100.00
04:11:05         29      0.00      0.00      0.00      0.00      0.00    100.00
04:11:05         30      0.00      0.00      0.00      0.00      0.00    100.00
04:11:05         31      0.00      0.00      0.00      0.00      0.00    100.00

04:11:05        CPU     %user     %nice   %system   %iowait    %steal     %idle
04:11:06        all      2.54      0.00      1.19      0.00      0.00     96.27
04:11:06          0      0.00      0.00      0.00      0.00      0.00    100.00
04:11:06          1      0.00      0.00      0.00      0.00      0.00    100.00
04:11:06          2      0.00      0.00      0.00      0.00      0.00    100.00
04:11:06          3      0.00      0.00      0.00      0.00      0.00    100.00
04:11:06          4     74.00      0.00     19.00      0.00      0.00      7.00
04:11:06          5      6.59      0.00     18.68      0.00      0.00     74.73
04:11:06          6      0.00      0.00      0.00      0.00      0.00    100.00
04:11:06          7      0.00      0.00      0.00      0.00      0.00    100.00
04:11:06          8      0.00      0.00      0.00      0.00      0.00    100.00
04:11:06          9      0.00      0.00      0.00      0.00      0.00    100.00
04:11:06         10      0.00      0.00      0.00      0.00      0.00    100.00
04:11:06         11      0.00      0.00      0.99      0.00      0.00     99.01
04:11:06         12      0.00      0.00      0.99      0.00      0.00     99.01
04:11:06         13      0.00      0.00      0.00      0.00      0.00    100.00
04:11:06         14      0.00      0.00      0.00      0.00      0.00    100.00
04:11:06         15      0.00      0.00      0.00      0.00      0.00    100.00
04:11:06         16      0.99      0.00      0.00      0.00      0.00     99.01
04:11:06         17      0.00      0.00      0.00      0.00      0.00    100.00
04:11:06         18      0.00      0.00      0.00      0.00      0.00    100.00
04:11:06         19      0.00      0.00      0.00      0.00      0.00    100.00
04:11:06         20      0.00      0.00      0.00      0.00      0.00    100.00
04:11:06         21      0.00      0.00      0.00      0.00      0.00    100.00
04:11:06         22      0.00      0.00      0.00      0.00      0.00    100.00
04:11:06         23      0.00      0.00      0.00      0.00      0.00    100.00
04:11:06         24      0.00      0.00      0.00      0.00      0.00    100.00
04:11:06         25      0.00      0.00      0.00      0.00      0.00    100.00
04:11:06         26      0.00      0.00      0.00      0.00      0.00    100.00
04:11:06         27      0.00      0.00      0.00      0.00      0.00    100.00
04:11:06         28      0.00      0.00      0.00      0.00      0.00    100.00
04:11:06         29      0.00      0.00      0.00      0.00      0.00    100.00
04:11:06         30      0.00      0.00      0.00      0.00      0.00    100.00
04:11:06         31      0.00      0.00      0.00      0.00      0.00    100.00

04:11:06        CPU     %user     %nice   %system   %iowait    %steal     %idle
04:11:07        all      2.70      0.00      0.97      0.00      0.00     96.33
04:11:07          0      0.00      0.00      0.00      0.00      0.00    100.00
04:11:07          1      0.00      0.00      0.00      0.00      0.00    100.00
04:11:07          2      0.00      0.00      0.00      0.00      0.00    100.00
04:11:07          3      0.00      0.00      0.00      0.00      0.00    100.00
04:11:07          4     74.76      0.00     17.48      0.00      0.00      7.77
04:11:07          5      8.14      0.00     13.95      0.00      0.00     77.91
04:11:07          6      0.00      0.00      0.00      0.00      0.00    100.00
04:11:07          7      0.00      0.00      0.00      0.00      0.00    100.00
04:11:07          8      0.00      0.00      0.00      0.00      0.00    100.00
04:11:07          9      0.00      0.00      0.00      0.00      0.00    100.00
04:11:07         10      0.00      0.00      0.00      0.00      0.00    100.00
04:11:07         11      1.00      0.00      0.00      0.00      0.00     99.00
04:11:07         12      0.00      0.00      0.00      0.00      0.00    100.00
04:11:07         13      0.00      0.00      0.00      0.00      0.00    100.00
04:11:07         14      0.00      0.00      0.00      0.00      0.00    100.00
04:11:07         15      0.00      0.00      0.00      0.00      0.00    100.00
04:11:07         16      0.99      0.00      0.99      0.00      0.00     98.02
04:11:07         17      0.00      0.00      0.00      0.00      0.00    100.00
04:11:07         18      0.00      0.00      0.00      0.00      0.00    100.00
04:11:07         19      0.00      0.00      0.00      0.00      0.00    100.00
04:11:07         20      0.00      0.00      0.00      0.00      0.00    100.00
04:11:07         21      0.00      0.00      0.00      0.00      0.00    100.00
04:11:07         22      0.00      0.00      0.00      0.00      0.00    100.00
04:11:07         23      0.00      0.00      0.00      0.00      0.00    100.00
04:11:07         24      0.00      0.00      0.00      0.00      0.00    100.00
04:11:07         25      0.00      0.00      0.00      0.00      0.00    100.00
04:11:07         26      0.00      0.00      0.00      0.00      0.00    100.00
04:11:07         27      0.00      0.00      0.00      0.00      0.00    100.00
04:11:07         28      0.00      0.00      0.00      0.00      0.00    100.00
04:11:07         29      0.00      0.00      0.00      0.00      0.00    100.00
04:11:07         30      0.00      0.00      0.00      0.00      0.00    100.00
04:11:07         31      0.00      0.00      0.00      0.00      0.00    100.00

04:11:07        CPU     %user     %nice   %system   %iowait    %steal     %idle
04:11:08        all      3.44      0.00      2.00      0.00      0.00     94.56
04:11:08          0      0.00      0.00      1.00      0.00      0.00     99.00
04:11:08          1      0.00      0.00      0.00      0.00      0.00    100.00
04:11:08          2      0.00      0.00      0.99      0.00      0.00     99.01
04:11:08          3      0.00      0.00      0.00      0.00      0.00    100.00
04:11:08          4     72.28      0.00     19.80      0.00      0.00      7.92
04:11:08          5      9.38      0.00     19.79      0.00      0.00     70.83
04:11:08          6      0.00      0.00      0.99      0.00      0.00     99.01
04:11:08          7      0.00      0.00      0.00      0.00      0.00    100.00
04:11:08          8      0.00      0.00      0.00      0.00      0.00    100.00
04:11:08          9      0.00      0.00      0.00      0.00      0.00    100.00
04:11:08         10      0.00      0.00      0.99      0.00      0.00     99.01
04:11:08         11      0.00      0.00      0.00      0.00      0.00    100.00
04:11:08         12      0.00      0.00      0.00      0.00      0.00    100.00
04:11:08         13      0.00      0.00      0.00      0.00      0.00    100.00
04:11:08         14      0.00      0.00      0.00      0.00      0.00    100.00
04:11:08         15      0.00      0.00      1.00      0.00      0.00     99.00
04:11:08         16      0.00      0.00      0.00      0.00      0.00    100.00
04:11:08         17      0.00      0.00      0.00      0.00      0.00    100.00
04:11:08         18      0.00      0.00      0.99      0.00      0.00     99.01
04:11:08         19      0.00      0.00      0.00      0.00      0.00    100.00
04:11:08         20      0.00      0.00      0.00      0.00      0.00    100.00
04:11:08         21      0.00      0.00      0.00      0.00      0.00    100.00
04:11:08         22      0.00      0.00      0.00      0.00      0.00    100.00
04:11:08         23      0.00      0.00      0.00      0.00      0.00    100.00
04:11:08         24      0.00      0.00      0.00      0.00      0.00    100.00
04:11:08         25      0.00      0.00      0.99      0.00      0.00     99.01
04:11:08         26      0.00      0.00      0.99      0.00      0.00     99.01
04:11:08         27      0.00      0.00      0.00      0.00      0.00    100.00
04:11:08         28      0.00      0.00      0.99      0.00      0.00     99.01
04:11:08         29      0.00      0.00      0.00      0.00      0.00    100.00
04:11:08         30      0.00      0.00      0.00      0.00      0.00    100.00
04:11:08         31     28.28      0.00     16.16      0.00      0.00     55.56

04:11:08        CPU     %user     %nice   %system   %iowait    %steal     %idle
04:11:09        all      2.69      0.00      1.03      0.00      0.00     96.27
04:11:09          0      0.00      0.00      0.00      0.00      0.00    100.00
04:11:09          1      0.00      0.00      0.00      0.00      0.00    100.00
04:11:09          2      0.00      0.00      0.00      0.00      0.00    100.00
04:11:09          3      0.00      0.00      0.00      0.00      0.00    100.00
04:11:09          4     76.70      0.00     16.50      0.00      0.00      6.80
04:11:09          5      7.95      0.00     15.91      0.00      0.00     76.14
04:11:09          6      0.00      0.00      0.00      0.00      0.00    100.00
04:11:09          7      0.00      0.00      0.00      0.00      0.00    100.00
04:11:09          8      0.00      0.00      0.00      0.00      0.00    100.00
04:11:09          9      0.00      0.00      0.00      0.00      0.00    100.00
04:11:09         10      0.00      0.00      0.00      0.00      0.00    100.00
04:11:09         11      0.00      0.00      0.00      0.00      0.00    100.00
04:11:09         12      0.00      0.00      0.00      0.00      0.00    100.00
04:11:09         13      0.00      0.00      0.00      0.00      0.00    100.00
04:11:09         14      0.00      0.00      0.99      0.00      0.00     99.01
04:11:09         15      0.00      0.00      0.00      0.00      0.00    100.00
04:11:09         16      0.00      0.00      0.00      0.00      0.00    100.00
04:11:09         17      0.00      0.00      0.00      0.00      0.00    100.00
04:11:09         18      0.00      0.00      0.00      0.00      0.00    100.00
04:11:09         19      0.00      0.00      0.00      0.00      0.00    100.00
04:11:09         20      0.00      0.00      0.00      0.00      0.00    100.00
04:11:09         21      0.00      0.00      0.00      0.00      0.00    100.00
04:11:09         22      0.00      0.00      0.00      0.00      0.00    100.00
04:11:09         23      0.00      0.00      0.00      0.00      0.00    100.00
04:11:09         24      0.00      0.00      0.99      0.00      0.00     99.01
04:11:09         25      0.00      0.00      0.00      0.00      0.00    100.00
04:11:09         26      0.00      0.00      0.00      0.00      0.00    100.00
04:11:09         27      0.00      0.00      0.00      0.00      0.00    100.00
04:11:09         28      0.00      0.00      0.00      0.00      0.00    100.00
04:11:09         29      0.00      0.00      0.00      0.00      0.00    100.00
04:11:09         30      0.00      0.00      0.00      0.00      0.00    100.00
04:11:09         31      0.00      0.00      0.00      0.00      0.00    100.00

04:11:09        CPU     %user     %nice   %system   %iowait    %steal     %idle
04:11:10        all      2.88      0.00      0.94      0.00      0.00     96.18
04:11:10          0      0.00      0.00      0.00      0.00      0.00    100.00
04:11:10          1      0.00      0.00      0.00      0.00      0.00    100.00
04:11:10          2      0.00      0.00      0.00      0.00      0.00    100.00
04:11:10          3      0.00      0.00      0.00      0.00      0.00    100.00
04:11:10          4     76.19      0.00     16.19      0.00      0.00      7.62
04:11:10          5      9.09      0.00     14.77      0.00      0.00     76.14
04:11:10          6      0.00      0.00      0.00      0.00      0.00    100.00
04:11:10          7      0.00      0.00      0.00      0.00      0.00    100.00
04:11:10          8      0.00      0.00      0.00      0.00      0.00    100.00
04:11:10          9      0.00      0.00      0.00      0.00      0.00    100.00
04:11:10         10      0.00      0.00      0.00      0.00      0.00    100.00
04:11:10         11      0.00      0.00      0.00      0.00      0.00    100.00
04:11:10         12      0.00      0.00      0.00      0.00      0.00    100.00
04:11:10         13      0.00      0.00      0.00      0.00      0.00    100.00
04:11:10         14      0.99      0.00      0.00      0.00      0.00     99.01
04:11:10         15      0.99      0.00      0.00      0.00      0.00     99.01
04:11:10         16      1.96      0.00      0.00      0.00      0.00     98.04
04:11:10         17      0.00      0.00      0.00      0.00      0.00    100.00
04:11:10         18      0.00      0.00      0.00      0.00      0.00    100.00
04:11:10         19      0.00      0.00      0.00      0.00      0.00    100.00
04:11:10         20      0.00      0.00      0.00      0.00      0.00    100.00
04:11:10         21      0.00      0.00      0.00      0.00      0.00    100.00
04:11:10         22      0.00      0.00      0.00      0.00      0.00    100.00
04:11:10         23      0.00      0.00      0.00      0.00      0.00    100.00
04:11:10         24      0.00      0.00      0.00      0.00      0.00    100.00
04:11:10         25      0.00      0.00      0.00      0.00      0.00    100.00
04:11:10         26      0.00      0.00      0.00      0.00      0.00    100.00
04:11:10         27      0.00      0.00      0.00      0.00      0.00    100.00
04:11:10         28      0.00      0.00      0.00      0.00      0.00    100.00
04:11:10         29      0.00      0.00      0.00      0.00      0.00    100.00
04:11:10         30      0.00      0.00      0.00      0.00      0.00    100.00
04:11:10         31      0.00      0.00      0.00      0.00      0.00    100.00

04:11:10        CPU     %user     %nice   %system   %iowait    %steal     %idle
04:11:11        all      2.64      0.00      0.94      0.00      0.00     96.42
04:11:11          0      0.00      0.00      0.00      0.00      0.00    100.00
04:11:11          1      0.00      0.00      0.00      0.00      0.00    100.00
04:11:11          2      0.00      0.00      0.00      0.00      0.00    100.00
04:11:11          3      0.00      0.00      0.00      0.00      0.00    100.00
04:11:11          4     76.00      0.00     17.00      0.00      0.00      7.00
04:11:11          5      7.95      0.00     14.77      0.00      0.00     77.27
04:11:11          6      0.00      0.00      0.00      0.00      0.00    100.00
04:11:11          7      0.00      0.00      0.00      0.00      0.00    100.00
04:11:11          8      0.00      0.00      0.00      0.00      0.00    100.00
04:11:11          9      0.00      0.00      0.00      0.00      0.00    100.00
04:11:11         10      0.00      0.00      0.00      0.00      0.00    100.00
04:11:11         11      0.00      0.00      0.00      0.00      0.00    100.00
04:11:11         12      0.00      0.00      0.00      0.00      0.00    100.00
04:11:11         13      0.00      0.00      0.00      0.00      0.00    100.00
04:11:11         14      0.00      0.00      0.00      0.00      0.00    100.00
04:11:11         15      0.00      0.00      0.00      0.00      0.00    100.00
04:11:11         16      1.00      0.00      0.00      0.00      0.00     99.00
04:11:11         17      0.00      0.00      0.00      0.00      0.00    100.00
04:11:11         18      0.00      0.00      0.00      0.00      0.00    100.00
04:11:11         19      0.00      0.00      0.00      0.00      0.00    100.00
04:11:11         20      0.00      0.00      0.00      0.00      0.00    100.00
04:11:11         21      0.00      0.00      0.00      0.00      0.00    100.00
04:11:11         22      0.00      0.00      0.00      0.00      0.00    100.00
04:11:11         23      0.00      0.00      0.00      0.00      0.00    100.00
04:11:11         24      0.00      0.00      0.00      0.00      0.00    100.00
04:11:11         25      0.00      0.00      0.00      0.00      0.00    100.00
04:11:11         26      0.00      0.00      0.00      0.00      0.00    100.00
04:11:11         27      0.00      0.00      0.00      0.00      0.00    100.00
04:11:11         28      0.00      0.00      0.00      0.00      0.00    100.00
04:11:11         29      0.00      0.00      0.00      0.00      0.00    100.00
04:11:11         30      0.00      0.00      0.00      0.00      0.00    100.00
04:11:11         31      0.00      0.00      0.00      0.00      0.00    100.00

04:11:11        CPU     %user     %nice   %system   %iowait    %steal     %idle
04:11:12        all      2.85      0.00      0.82      0.00      0.00     96.33
04:11:12          0      0.00      0.00      0.00      0.00      0.00    100.00
04:11:12          1      0.00      0.00      0.00      0.00      0.00    100.00
04:11:12          2      0.00      0.00      0.00      0.00      0.00    100.00
04:11:12          3      0.00      0.00      0.00      0.00      0.00    100.00
04:11:12          4     79.81      0.00     12.50      0.00      0.00      7.69
04:11:12          5      8.05      0.00     14.94      0.00      0.00     77.01
04:11:12          6      0.00      0.00      0.00      0.00      0.00    100.00
04:11:12          7      0.00      0.00      0.00      0.00      0.00    100.00
04:11:12          8      0.00      0.00      0.00      0.00      0.00    100.00
04:11:12          9      0.00      0.00      0.00      0.00      0.00    100.00
04:11:12         10      0.00      0.00      0.00      0.00      0.00    100.00
04:11:12         11      0.00      0.00      0.00      0.00      0.00    100.00
04:11:12         12      0.00      0.00      0.00      0.00      0.00    100.00
04:11:12         13      0.00      0.00      0.00      0.00      0.00    100.00
04:11:12         14      0.00      0.00      0.00      0.00      0.00    100.00
04:11:12         15      0.00      0.00      0.00      0.00      0.00    100.00
04:11:12         16      0.00      0.00      0.00      0.00      0.00    100.00
04:11:12         17      0.00      0.00      0.00      0.00      0.00    100.00
04:11:12         18      0.00      0.00      0.00      0.00      0.00    100.00
04:11:12         19      0.00      0.00      0.00      0.00      0.00    100.00
04:11:12         20      0.00      0.00      0.00      0.00      0.00    100.00
04:11:12         21      0.00      0.00      0.00      0.00      0.00    100.00
04:11:12         22      0.00      0.00      0.00      0.00      0.00    100.00
04:11:12         23      0.00      0.00      0.00      0.00      0.00    100.00
04:11:12         24      0.00      0.00      0.00      0.00      0.00    100.00
04:11:12         25      0.00      0.00      0.00      0.00      0.00    100.00
04:11:12         26      0.00      0.00      0.00      0.00      0.00    100.00
04:11:12         27      0.00      0.00      0.00      0.00      0.00    100.00
04:11:12         28      0.99      0.00      0.00      0.00      0.00     99.01
04:11:12         29      0.00      0.00      0.00      0.00      0.00    100.00
04:11:12         30      0.00      0.00      0.00      0.00      0.00    100.00
04:11:12         31      0.00      0.00      0.00      0.00      0.00    100.00

04:11:12        CPU     %user     %nice   %system   %iowait    %steal     %idle
04:11:13        all      2.70      0.00      0.94      0.00      0.00     96.36
04:11:13          0      0.00      0.00      0.00      0.00      0.00    100.00
04:11:13          1      0.00      0.00      0.00      0.00      0.00    100.00
04:11:13          2      0.00      0.00      0.00      0.00      0.00    100.00
04:11:13          3      0.00      0.00      0.00      0.00      0.00    100.00
04:11:13          4     76.70      0.00     15.53      0.00      0.00      7.77
04:11:13          5      6.90      0.00     16.09      0.00      0.00     77.01
04:11:13          6      0.00      0.00      0.00      0.00      0.00    100.00
04:11:13          7      0.00      0.00      0.00      0.00      0.00    100.00
04:11:13          8      0.00      0.00      0.00      0.00      0.00    100.00
04:11:13          9      0.00      0.00      0.00      0.00      0.00    100.00
04:11:13         10      0.00      0.00      0.00      0.00      0.00    100.00
04:11:13         11      0.00      0.00      0.00      0.00      0.00    100.00
04:11:13         12      0.00      0.00      0.00      0.00      0.00    100.00
04:11:13         13      0.00      0.00      0.00      0.00      0.00    100.00
04:11:13         14      0.99      0.00      0.00      0.00      0.00     99.01
04:11:13         15      0.00      0.00      0.00      0.00      0.00    100.00
04:11:13         16      0.00      0.00      0.00      0.00      0.00    100.00
04:11:13         17      0.00      0.00      0.00      0.00      0.00    100.00
04:11:13         18      0.00      0.00      0.00      0.00      0.00    100.00
04:11:13         19      0.00      0.00      0.00      0.00      0.00    100.00
04:11:13         20      0.00      0.00      0.00      0.00      0.00    100.00
04:11:13         21      0.00      0.00      0.00      0.00      0.00    100.00
04:11:13         22      0.00      0.00      0.00      0.00      0.00    100.00
04:11:13         23      0.00      0.00      0.00      0.00      0.00    100.00
04:11:13         24      0.00      0.00      0.00      0.00      0.00    100.00
04:11:13         25      0.00      0.00      0.00      0.00      0.00    100.00
04:11:13         26      0.00      0.00      0.00      0.00      0.00    100.00
04:11:13         27      0.00      0.00      0.00      0.00      0.00    100.00
04:11:13         28      0.00      0.00      0.00      0.00      0.00    100.00
04:11:13         29      0.00      0.00      0.00      0.00      0.00    100.00
04:11:13         30      0.00      0.00      0.00      0.00      0.00    100.00
04:11:13         31      0.00      0.00      0.00      0.00      0.00    100.00

04:11:13        CPU     %user     %nice   %system   %iowait    %steal     %idle
04:11:14        all      2.69      0.00      1.00      0.00      0.00     96.30
04:11:14          0      0.00      0.00      0.00      0.00      0.00    100.00
04:11:14          1      0.00      0.00      0.00      0.00      0.00    100.00
04:11:14          2      0.00      0.00      0.00      0.00      0.00    100.00
04:11:14          3      0.00      0.00      0.00      0.00      0.00    100.00
04:11:14          4     75.96      0.00     17.31      0.00      0.00      6.73
04:11:14          5      7.95      0.00     14.77      0.00      0.00     77.27
04:11:14          6      0.00      0.00      0.00      0.00      0.00    100.00
04:11:14          7      0.00      0.00      0.00      0.00      0.00    100.00
04:11:14          8      0.00      0.00      0.00      0.00      0.00    100.00
04:11:14          9      0.00      0.00      0.00      0.00      0.00    100.00
04:11:14         10      0.00      0.00      0.00      0.00      0.00    100.00
04:11:14         11      0.00      0.00      0.00      0.00      0.00    100.00
04:11:14         12      0.00      0.00      0.00      0.00      0.00    100.00
04:11:14         13      0.00      0.00      0.00      0.00      0.00    100.00
04:11:14         14      0.00      0.00      0.99      0.00      0.00     99.01
04:11:14         15      0.00      0.00      0.00      0.00      0.00    100.00
04:11:14         16      0.00      0.00      0.00      0.00      0.00    100.00
04:11:14         17      0.00      0.00      0.00      0.00      0.00    100.00
04:11:14         18      0.00      0.00      0.00      0.00      0.00    100.00
04:11:14         19      0.00      0.00      0.00      0.00      0.00    100.00
04:11:14         20      0.00      0.00      0.00      0.00      0.00    100.00
04:11:14         21      0.00      0.00      0.00      0.00      0.00    100.00
04:11:14         22      0.00      0.00      0.00      0.00      0.00    100.00
04:11:14         23      0.00      0.00      0.00      0.00      0.00    100.00
04:11:14         24      0.00      0.00      0.00      0.00      0.00    100.00
04:11:14         25      0.00      0.00      0.00      0.00      0.00    100.00
04:11:14         26      0.00      0.00      0.00      0.00      0.00    100.00
04:11:14         27      0.00      0.00      0.00      0.00      0.00    100.00
04:11:14         28      0.00      0.00      0.00      0.00      0.00    100.00
04:11:14         29      0.00      0.00      0.00      0.00      0.00    100.00
04:11:14         30      0.00      0.00      0.00      0.00      0.00    100.00
04:11:14         31      0.00      0.00      0.00      0.00      0.00    100.00

04:11:14        CPU     %user     %nice   %system   %iowait    %steal     %idle
04:11:15        all      2.76      0.00      0.82      0.00      0.00     96.42
04:11:15          0      0.00      0.00      0.00      0.00      0.00    100.00
04:11:15          1      0.00      0.00      0.00      0.00      0.00    100.00
04:11:15          2      0.00      0.00      0.00      0.00      0.00    100.00
04:11:15          3      0.00      0.00      0.00      0.00      0.00    100.00
04:11:15          4     78.64      0.00     13.59      0.00      0.00      7.77
04:11:15          5      7.06      0.00     14.12      0.00      0.00     78.82
04:11:15          6      0.00      0.00      0.00      0.00      0.00    100.00
04:11:15          7      0.00      0.00      0.00      0.00      0.00    100.00
04:11:15          8      0.00      0.00      0.00      0.00      0.00    100.00
04:11:15          9      0.00      0.00      0.00      0.00      0.00    100.00
04:11:15         10      0.00      0.00      0.00      0.00      0.00    100.00
04:11:15         11      0.00      0.00      0.00      0.00      0.00    100.00
04:11:15         12      0.00      0.00      0.00      0.00      0.00    100.00
04:11:15         13      0.00      0.00      0.00      0.00      0.00    100.00
04:11:15         14      0.00      0.00      0.00      0.00      0.00    100.00
04:11:15         15      0.00      0.00      0.00      0.00      0.00    100.00
04:11:15         16      1.00      0.00      0.00      0.00      0.00     99.00
04:11:15         17      0.00      0.00      0.00      0.00      0.00    100.00
04:11:15         18      0.00      0.00      0.00      0.00      0.00    100.00
04:11:15         19      0.00      0.00      0.00      0.00      0.00    100.00
04:11:15         20      0.00      0.00      0.00      0.00      0.00    100.00
04:11:15         21      0.00      0.00      0.00      0.00      0.00    100.00
04:11:15         22      0.00      0.00      0.00      0.00      0.00    100.00
04:11:15         23      0.00      0.00      0.00      0.00      0.00    100.00
04:11:15         24      0.00      0.00      0.00      0.00      0.00    100.00
04:11:15         25      0.00      0.00      0.00      0.00      0.00    100.00
04:11:15         26      0.00      0.00      0.00      0.00      0.00    100.00
04:11:15         27      0.00      0.00      0.00      0.00      0.00    100.00
04:11:15         28      0.00      0.00      0.00      0.00      0.00    100.00
04:11:15         29      0.00      0.00      0.00      0.00      0.00    100.00
04:11:15         30      0.00      0.00      0.00      0.00      0.00    100.00
04:11:15         31      0.00      0.00      0.00      0.00      0.00    100.00

04:11:15        CPU     %user     %nice   %system   %iowait    %steal     %idle
04:11:16        all      2.60      0.00      1.22      0.00      0.00     96.18
04:11:16          0      0.00      0.00      0.00      0.00      0.00    100.00
04:11:16          1      0.00      0.00      0.00      0.00      0.00    100.00
04:11:16          2      0.00      0.00      0.00      0.00      0.00    100.00
04:11:16          3      0.00      0.00      0.00      0.00      0.00    100.00
04:11:16          4     75.25      0.00     16.83      0.00      0.00      7.92
04:11:16          5      7.29      0.00     22.92      0.00      0.00     69.79
04:11:16          6      0.00      0.00      0.00      0.00      0.00    100.00
04:11:16          7      0.00      0.00      0.00      0.00      0.00    100.00
04:11:16          8      0.00      0.00      0.00      0.00      0.00    100.00
04:11:16          9      0.00      0.00      0.00      0.00      0.00    100.00
04:11:16         10      0.00      0.00      0.00      0.00      0.00    100.00
04:11:16         11      0.00      0.00      0.00      0.00      0.00    100.00
04:11:16         12      0.00      0.00      0.00      0.00      0.00    100.00
04:11:16         13      0.00      0.00      0.00      0.00      0.00    100.00
04:11:16         14      0.00      0.00      0.00      0.00      0.00    100.00
04:11:16         15      0.00      0.00      0.00      0.00      0.00    100.00
04:11:16         16      0.00      0.00      0.00      0.00      0.00    100.00
04:11:16         17      0.00      0.00      0.00      0.00      0.00    100.00
04:11:16         18      0.00      0.00      0.00      0.00      0.00    100.00
04:11:16         19      0.00      0.00      0.00      0.00      0.00    100.00
04:11:16         20      0.00      0.00      0.00      0.00      0.00    100.00
04:11:16         21      0.00      0.00      0.00      0.00      0.00    100.00
04:11:16         22      0.00      0.00      0.00      0.00      0.00    100.00
04:11:16         23      0.00      0.00      0.00      0.00      0.00    100.00
04:11:16         24      0.00      0.00      0.00      0.00      0.00    100.00
04:11:16         25      0.00      0.00      0.00      0.00      0.00    100.00
04:11:16         26      0.00      0.00      0.00      0.00      0.00    100.00
04:11:16         27      0.00      0.00      0.00      0.00      0.00    100.00
04:11:16         28      0.00      0.00      0.00      0.00      0.00    100.00
04:11:16         29      0.00      0.00      0.00      0.00      0.00    100.00
04:11:16         30      0.00      0.00      0.00      0.00      0.00    100.00
04:11:16         31      0.00      0.00      0.00      0.00      0.00    100.00

04:11:16        CPU     %user     %nice   %system   %iowait    %steal     %idle
04:11:17        all      2.79      0.00      1.03      0.00      0.00     96.18
04:11:17          0      0.00      0.00      0.00      0.00      0.00    100.00
04:11:17          1      0.00      0.00      0.00      0.00      0.00    100.00
04:11:17          2      0.00      0.00      0.00      0.00      0.00    100.00
04:11:17          3      0.00      0.00      0.00      0.00      0.00    100.00
04:11:17          4     76.92      0.00     16.35      0.00      0.00      6.73
04:11:17          5      8.70      0.00     17.39      0.00      0.00     73.91
04:11:17          6      0.00      0.00      0.00      0.00      0.00    100.00
04:11:17          7      0.00      0.00      0.00      0.00      0.00    100.00
04:11:17          8      0.00      0.00      0.00      0.00      0.00    100.00
04:11:17          9      0.00      0.00      0.00      0.00      0.00    100.00
04:11:17         10      0.00      0.00      0.00      0.00      0.00    100.00
04:11:17         11      0.00      0.00      0.00      0.00      0.00    100.00
04:11:17         12      0.00      0.00      0.00      0.00      0.00    100.00
04:11:17         13      0.00      0.00      0.00      0.00      0.00    100.00
04:11:17         14      1.00      0.00      0.00      0.00      0.00     99.00
04:11:17         15      0.00      0.00      0.00      0.00      0.00    100.00
04:11:17         16      0.00      0.00      0.00      0.00      0.00    100.00
04:11:17         17      0.00      0.00      0.00      0.00      0.00    100.00
04:11:17         18      0.00      0.00      0.00      0.00      0.00    100.00
04:11:17         19      0.00      0.00      0.00      0.00      0.00    100.00
04:11:17         20      0.00      0.00      0.00      0.00      0.00    100.00
04:11:17         21      0.00      0.00      0.00      0.00      0.00    100.00
04:11:17         22      0.00      0.00      0.00      0.00      0.00    100.00
04:11:17         23      0.00      0.00      0.00      0.00      0.00    100.00
04:11:17         24      0.00      0.00      0.00      0.00      0.00    100.00
04:11:17         25      0.00      0.00      0.00      0.00      0.00    100.00
04:11:17         26      0.00      0.00      0.00      0.00      0.00    100.00
04:11:17         27      0.00      0.00      0.00      0.00      0.00    100.00
04:11:17         28      0.00      0.00      0.00      0.00      0.00    100.00
04:11:17         29      0.00      0.00      0.00      0.00      0.00    100.00
04:11:17         30      0.00      0.00      0.00      0.00      0.00    100.00
04:11:17         31      0.00      0.00      0.00      0.00      0.00    100.00

04:11:17        CPU     %user     %nice   %system   %iowait    %steal     %idle
04:11:18        all      2.54      0.00      1.04      0.00      0.00     96.42
04:11:18          0      0.00      0.00      0.00      0.00      0.00    100.00
04:11:18          1      0.00      0.00      0.00      0.00      0.00    100.00
04:11:18          2      0.00      0.00      0.00      0.00      0.00    100.00
04:11:18          3      0.00      0.00      0.00      0.00      0.00    100.00
04:11:18          4     71.84      0.00     20.39      0.00      0.00      7.77
04:11:18          5      7.06      0.00     14.12      0.00      0.00     78.82
04:11:18          6      0.00      0.00      0.00      0.00      0.00    100.00
04:11:18          7      0.00      0.00      0.00      0.00      0.00    100.00
04:11:18          8      0.00      0.00      0.00      0.00      0.00    100.00
04:11:18          9      0.00      0.00      0.00      0.00      0.00    100.00
04:11:18         10      0.00      0.00      0.00      0.00      0.00    100.00
04:11:18         11      0.00      0.00      0.00      0.00      0.00    100.00
04:11:18         12      0.00      0.00      0.00      0.00      0.00    100.00
04:11:18         13      0.00      0.00      0.00      0.00      0.00    100.00
04:11:18         14      0.00      0.00      0.00      0.00      0.00    100.00
04:11:18         15      0.00      0.00      0.00      0.00      0.00    100.00
04:11:18         16      1.00      0.00      0.00      0.00      0.00     99.00
04:11:18         17      0.00      0.00      0.00      0.00      0.00    100.00
04:11:18         18      0.00      0.00      0.00      0.00      0.00    100.00
04:11:18         19      0.00      0.00      0.00      0.00      0.00    100.00
04:11:18         20      0.00      0.00      0.00      0.00      0.00    100.00
04:11:18         21      0.00      0.00      0.00      0.00      0.00    100.00
04:11:18         22      0.00      0.00      0.00      0.00      0.00    100.00
04:11:18         23      0.00      0.00      0.00      0.00      0.00    100.00
04:11:18         24      0.00      0.00      0.00      0.00      0.00    100.00
04:11:18         25      0.00      0.00      0.00      0.00      0.00    100.00
04:11:18         26      0.00      0.00      0.00      0.00      0.00    100.00
04:11:18         27      0.00      0.00      0.00      0.00      0.00    100.00
04:11:18         28      0.00      0.00      0.00      0.00      0.00    100.00
04:11:18         29      0.00      0.00      0.00      0.00      0.00    100.00
04:11:18         30      0.00      0.00      0.00      0.00      0.00    100.00
04:11:18         31      0.00      0.00      0.00      0.00      0.00    100.00

Average:        CPU     %user     %nice   %system   %iowait    %steal     %idle
Average:        all      2.77      0.00      1.14      0.00      0.00     96.09
Average:          0      0.00      0.00      0.08      0.00      0.00     99.92
Average:          1      0.00      0.00      0.00      0.00      0.00    100.00
Average:          2      0.00      0.00      0.04      0.00      0.00     99.96
Average:          3      0.00      0.00      0.04      0.00      0.00     99.96
Average:          4     75.76      0.00     16.80      0.00      0.00      7.44
Average:          5      7.98      0.00     17.76      0.00      0.00     74.26
Average:          6      0.00      0.00      0.04      0.00      0.00     99.96
Average:          7      0.00      0.00      0.00      0.00      0.00    100.00
Average:          8      0.00      0.00      0.00      0.00      0.00    100.00
Average:          9      0.00      0.00      0.00      0.00      0.00    100.00
Average:         10      0.04      0.00      0.04      0.00      0.00     99.92
Average:         11      0.08      0.00      0.04      0.00      0.00     99.88
Average:         12      0.00      0.00      0.04      0.00      0.00     99.96
Average:         13      0.00      0.00      0.00      0.00      0.00    100.00
Average:         14      0.16      0.00      0.08      0.00      0.00     99.76
Average:         15      0.04      0.00      0.08      0.00      0.00     99.88
Average:         16      0.56      0.00      0.04      0.00      0.00     99.40
Average:         17      0.00      0.00      0.00      0.00      0.00    100.00
Average:         18      0.00      0.00      0.04      0.00      0.00     99.96
Average:         19      0.00      0.00      0.00      0.00      0.00    100.00
Average:         20      0.00      0.00      0.00      0.00      0.00    100.00
Average:         21      0.00      0.00      0.00      0.00      0.00    100.00
Average:         22      0.00      0.00      0.00      0.00      0.00    100.00
Average:         23      0.00      0.00      0.04      0.00      0.00     99.96
Average:         24      0.00      0.00      0.08      0.04      0.00     99.88
Average:         25      0.00      0.00      0.04      0.00      0.00     99.96
Average:         26      0.00      0.00      0.04      0.00      0.00     99.96
Average:         27      0.08      0.00      0.08      0.00      0.00     99.84
Average:         28      0.12      0.00      0.08      0.00      0.00     99.80
Average:         29      0.00      0.00      0.00      0.00      0.00    100.00
Average:         30      0.00      0.00      0.00      0.00      0.00    100.00
Average:         31      3.21      0.00      2.24      0.00      0.00     94.55
